-9.998559
-9.991629
-9.990002
-9.989836
-9.989560
-9.988851
-9.987780
-9.987579
-9.987516
-9.986862
-9.985852
-9.985689
-9.979745
-9.979036
-9.974945
-9.973063
-9.970390
-9.970118
-9.965281
-9.965117
-9.962191
-9.962178
-9.954164
-9.953248
-9.953158
-9.951851
-9.946218
-9.945719
-9.945350
-9.941448
-9.940386
-9.936651
-9.935859
-9.934650
-9.932225
-9.922888
-9.921419
-9.920844
-9.919811
-9.913803
-9.912353
-9.908058
-9.907730
-9.906055
-9.904518
-9.898390
-9.897267
-9.894861
-9.894483
-9.893995
-9.889672
-9.889604
-9.888860
-9.886471
-9.885760
-9.884294
-9.882068
-9.879787
-9.879408
-9.877863
-9.876431
-9.874194
-9.873816
-9.871438
-9.868567
-9.864199
-9.863925
-9.861811
-9.860260
-9.855540
-9.854631
-9.854417
-9.853870
-9.852506
-9.851111
-9.849137
-9.844073
-9.842648
-9.841333
-9.840795
-9.837607
-9.836371
-9.832162
-9.830602
-9.830507
-9.826309
-9.826058
-9.824707
-9.822339
-9.820769
-9.819769
-9.818161
-9.815521
-9.810268
-9.808561
-9.808240
-9.805378
-9.803904
-9.803553
-9.800771
-9.800715
-9.800184
-9.800169
-9.799815
-9.790920
-9.787868
-9.786174
-9.785652
-9.784028
-9.783955
-9.782657
-9.781766
-9.781046
-9.779826
-9.778980
-9.774317
-9.770392
-9.766225
-9.765903
-9.764448
-9.764290
-9.763499
-9.759456
-9.758494
-9.755449
-9.755362
-9.748777
-9.748015
-9.746496
-9.745931
-9.743077
-9.742719
-9.740207
-9.737573
-9.735043
-9.733281
-9.730897
-9.729453
-9.726561
-9.726108
-9.724729
-9.724235
-9.723857
-9.723241
-9.719795
-9.716771
-9.715868
-9.715724
-9.715402
-9.715317
-9.712143
-9.710772
-9.708305
-9.704105
-9.701448
-9.700924
-9.700007
-9.699680
-9.698538
-9.698486
-9.691295
-9.687652
-9.686479
-9.685029
-9.683325
-9.681252
-9.680484
-9.678691
-9.676832
-9.674294
-9.673548
-9.673250
-9.671554
-9.667355
-9.665808
-9.663247
-9.662829
-9.661797
-9.660599
-9.658201
-9.657548
-9.657003
-9.651082
-9.647321
-9.646156
-9.645567
-9.644822
-9.641125
-9.640435
-9.639791
-9.638310
-9.636863
-9.635395
-9.630104
-9.628144
-9.625542
-9.624995
-9.619802
-9.619787
-9.619719
-9.618470
-9.616747
-9.611049
-9.610364
-9.609796
-9.608652
-9.607308
-9.600973
-9.595804
-9.594908
-9.594024
-9.591578
-9.591040
-9.586145
-9.584433
-9.581510
-9.581432
-9.580774
-9.579268
-9.578598
-9.578247
-9.577947
-9.576857
-9.576438
-9.570768
-9.569342
-9.567367
-9.566701
-9.563570
-9.558419
-9.553814
-9.551709
-9.547211
-9.547048
-9.541447
-9.536404
-9.536185
-9.535752
-9.534132
-9.534047
-9.533650
-9.531293
-9.530272
-9.521972
-9.521039
-9.519182
-9.517445
-9.517311
-9.516538
-9.515064
-9.512743
-9.510974
-9.508577
-9.508232
-9.506312
-9.504523
-9.501412
-9.499508
-9.497711
-9.497378
-9.496418
-9.493386
-9.490878
-9.485513
-9.479435
-9.476555
-9.476527
-9.476388
-9.474769
-9.474596
-9.474585
-9.473115
-9.472425
-9.470458
-9.467430
-9.460829
-9.459981
-9.457887
-9.456263
-9.456206
-9.455179
-9.453524
-9.449836
-9.445118
-9.443922
-9.442512
-9.441339
-9.434220
-9.433620
-9.433188
-9.431619
-9.431514
-9.430985
-9.430176
-9.429498
-9.427948
-9.426987
-9.425084
-9.425081
-9.424867
-9.423670
-9.422353
-9.412481
-9.411261
-9.409401
-9.408386
-9.405048
-9.401469
-9.399828
-9.395214
-9.394668
-9.391472
-9.390162
-9.389947
-9.388211
-9.385884
-9.383369
-9.383113
-9.381982
-9.380453
-9.377292
-9.376690
-9.373577
-9.371752
-9.371654
-9.371366
-9.371091
-9.364102
-9.363878
-9.363124
-9.362801
-9.362613
-9.360271
-9.359504
-9.358980
-9.357722
-9.353891
-9.347093
-9.346038
-9.337363
-9.335929
-9.327678
-9.326776
-9.326135
-9.323901
-9.321759
-9.319750
-9.319589
-9.318866
-9.318443
-9.310046
-9.305723
-9.299673
-9.299060
-9.293680
-9.293417
-9.293179
-9.292233
-9.290444
-9.290234
-9.288320
-9.287215
-9.286943
-9.283938
-9.282887
-9.279731
-9.276387
-9.267151
-9.266419
-9.266384
-9.262589
-9.258285
-9.254304
-9.251266
-9.244771
-9.244589
-9.241586
-9.238579
-9.235029
-9.234086
-9.233373
-9.232969
-9.231833
-9.224748
-9.224257
-9.220386
-9.219448
-9.217402
-9.213860
-9.213112
-9.213011
-9.212891
-9.212299
-9.209114
-9.208053
-9.206152
-9.205371
-9.203662
-9.200921
-9.200062
-9.199222
-9.198630
-9.197131
-9.195436
-9.193640
-9.192697
-9.189830
-9.189459
-9.188952
-9.188035
-9.187299
-9.187295
-9.185367
-9.184882
-9.179783
-9.177953
-9.176872
-9.175105
-9.172825
-9.171979
-9.171600
-9.169599
-9.169315
-9.160543
-9.159539
-9.159296
-9.157342
-9.155614
-9.153837
-9.150665
-9.144308
-9.142110
-9.140228
-9.139985
-9.139560
-9.134847
-9.132915
-9.130246
-9.128479
-9.128376
-9.126978
-9.122262
-9.117954
-9.115636
-9.115393
-9.111496
-9.106154
-9.103630
-9.098697
-9.096367
-9.093416
-9.088323
-9.087394
-9.079909
-9.075921
-9.072169
-9.070290
-9.069782
-9.062019
-9.061449
-9.059004
-9.057329
-9.055994
-9.054102
-9.053094
-9.052294
-9.048683
-9.047165
-9.045498
-9.042524
-9.042192
-9.040974
-9.040967
-9.037966
-9.037414
-9.035505
-9.033695
-9.027774
-9.026207
-9.022633
-9.021819
-9.019693
-9.016475
-9.009951
-9.007495
-9.005518
-9.004123
-9.001996
-9.001180
-8.999020
-8.998623
-8.998413
-8.996609
-8.995610
-8.991875
-8.990815
-8.986760
-8.985623
-8.984310
-8.980752
-8.980247
-8.980215
-8.976355
-8.966982
-8.964365
-8.962312
-8.959964
-8.958898
-8.956321
-8.951352
-8.949845
-8.947787
-8.947677
-8.946905
-8.946605
-8.946004
-8.945178
-8.938608
-8.937558
-8.936132
-8.935735
-8.934430
-8.934129
-8.931434
-8.926203
-8.925867
-8.925163
-8.924561
-8.924478
-8.920441
-8.919565
-8.916560
-8.915609
-8.915485
-8.904824
-8.904363
-8.903658
-8.903368
-8.902394
-8.898331
-8.897178
-8.894236
-8.889348
-8.887719
-8.887390
-8.885165
-8.884943
-8.884589
-8.881195
-8.876669
-8.874932
-8.874653
-8.870986
-8.870233
-8.869140
-8.863787
-8.861498
-8.860503
-8.858715
-8.858292
-8.857919
-8.854511
-8.852154
-8.850451
-8.848742
-8.848045
-8.846571
-8.845013
-8.842823
-8.838469
-8.837789
-8.835030
-8.834229
-8.829904
-8.829324
-8.828977
-8.828349
-8.827737
-8.822922
-8.822115
-8.821502
-8.818206
-8.809981
-8.804307
-8.799244
-8.798557
-8.796635
-8.795079
-8.794982
-8.794902
-8.793326
-8.793217
-8.791627
-8.791494
-8.790013
-8.788761
-8.787988
-8.787231
-8.786400
-8.783623
-8.782334
-8.780099
-8.777749
-8.777196
-8.774716
-8.772303
-8.770277
-8.769450
-8.767730
-8.767547
-8.758176
-8.756948
-8.756104
-8.755150
-8.751736
-8.751247
-8.750076
-8.749574
-8.748516
-8.747819
-8.747205
-8.744815
-8.741793
-8.741121
-8.739040
-8.734722
-8.732431
-8.730970
-8.727890
-8.725784
-8.724870
-8.724011
-8.723576
-8.722186
-8.718086
-8.716234
-8.714044
-8.709321
-8.708849
-8.705054
-8.704613
-8.704438
-8.703641
-8.698656
-8.695935
-8.695584
-8.694755
-8.692660
-8.692189
-8.685572
-8.680845
-8.675774
-8.675088
-8.671213
-8.669602
-8.668040
-8.667267
-8.663011
-8.662038
-8.660899
-8.658780
-8.656470
-8.653207
-8.652461
-8.651767
-8.651499
-8.650617
-8.647670
-8.645298
-8.644029
-8.637473
-8.637075
-8.637033
-8.633705
-8.633638
-8.630550
-8.629724
-8.627818
-8.627396
-8.627197
-8.622924
-8.616195
-8.615643
-8.615595
-8.614750
-8.611906
-8.607567
-8.604679
-8.604487
-8.602717
-8.599604
-8.598310
-8.596505
-8.594449
-8.592454
-8.587311
-8.578523
-8.576982
-8.574611
-8.572066
-8.571698
-8.570889
-8.570124
-8.569591
-8.569334
-8.568509
-8.565210
-8.564686
-8.563496
-8.563131
-8.555881
-8.551256
-8.548061
-8.543340
-8.540038
-8.539585
-8.539133
-8.537909
-8.536384
-8.534770
-8.533230
-8.532271
-8.528031
-8.522986
-8.522948
-8.521992
-8.519854
-8.519740
-8.519336
-8.515845
-8.514835
-8.512790
-8.512022
-8.511276
-8.508793
-8.507690
-8.507674
-8.505306
-8.503633
-8.503207
-8.498835
-8.493437
-8.490265
-8.489444
-8.489290
-8.488811
-8.488788
-8.485524
-8.484539
-8.482928
-8.482235
-8.482233
-8.482207
-8.481569
-8.480395
-8.477815
-8.477550
-8.476698
-8.474803
-8.472004
-8.471199
-8.469232
-8.469129
-8.468186
-8.465848
-8.465611
-8.459335
-8.457232
-8.454865
-8.448773
-8.446832
-8.446230
-8.445552
-8.442282
-8.440120
-8.438529
-8.438233
-8.435765
-8.435081
-8.425430
-8.423108
-8.417695
-8.415432
-8.415204
-8.414456
-8.411736
-8.409360
-8.409241
-8.408425
-8.408341
-8.405248
-8.403783
-8.400351
-8.398083
-8.397567
-8.391168
-8.390758
-8.390724
-8.389432
-8.388403
-8.388148
-8.383136
-8.382830
-8.381639
-8.380458
-8.378999
-8.378328
-8.376228
-8.375129
-8.372775
-8.371533
-8.369979
-8.368807
-8.367675
-8.366793
-8.363408
-8.362739
-8.361073
-8.358344
-8.356643
-8.350274
-8.348584
-8.348114
-8.346119
-8.344677
-8.344497
-8.338531
-8.336014
-8.335924
-8.335214
-8.334891
-8.334608
-8.334086
-8.333157
-8.332947
-8.332844
-8.331854
-8.331731
-8.322176
-8.319956
-8.318849
-8.313838
-8.312878
-8.312753
-8.311156
-8.307219
-8.304162
-8.302604
-8.300960
-8.297649
-8.297426
-8.296082
-8.293925
-8.292423
-8.290594
-8.287555
-8.287505
-8.285418
-8.278506
-8.277607
-8.276394
-8.274862
-8.271323
-8.271237
-8.266576
-8.264093
-8.263465
-8.263453
-8.262582
-8.262467
-8.262380
-8.262192
-8.261029
-8.258763
-8.257939
-8.257076
-8.256932
-8.255484
-8.254434
-8.253494
-8.252607
-8.249946
-8.248900
-8.248826
-8.248622
-8.248573
-8.247835
-8.247327
-8.245322
-8.242773
-8.241936
-8.238380
-8.238305
-8.237815
-8.233042
-8.231382
-8.231338
-8.231028
-8.230479
-8.229929
-8.229325
-8.228568
-8.227180
-8.225963
-8.225784
-8.224594
-8.224351
-8.223752
-8.220802
-8.218290
-8.216989
-8.216489
-8.211093
-8.210789
-8.210614
-8.208298
-8.208181
-8.206891
-8.206007
-8.203768
-8.201874
-8.201740
-8.199890
-8.198295
-8.195116
-8.187667
-8.185173
-8.184983
-8.184579
-8.184195
-8.183625
-8.181542
-8.180998
-8.179963
-8.178284
-8.178230
-8.177396
-8.175885
-8.174953
-8.173262
-8.173027
-8.171968
-8.169107
-8.159743
-8.159111
-8.157494
-8.152079
-8.149173
-8.148601
-8.145444
-8.145100
-8.143106
-8.134635
-8.130573
-8.128762
-8.126632
-8.126630
-8.125407
-8.124823
-8.120603
-8.119432
-8.118717
-8.118651
-8.116361
-8.113115
-8.112719
-8.110385
-8.109827
-8.108513
-8.104573
-8.103406
-8.101966
-8.101499
-8.098638
-8.094718
-8.092186
-8.092004
-8.091955
-8.087870
-8.083814
-8.083595
-8.081335
-8.081112
-8.080346
-8.078189
-8.077615
-8.074988
-8.073035
-8.070790
-8.069485
-8.067389
-8.064410
-8.064084
-8.063910
-8.062042
-8.059980
-8.057046
-8.056227
-8.055461
-8.051082
-8.050651
-8.050127
-8.049084
-8.047696
-8.045143
-8.044302
-8.043943
-8.037759
-8.033651
-8.032088
-8.031719
-8.031130
-8.030643
-8.029927
-8.026678
-8.019956
-8.019344
-8.017779
-8.016265
-8.014188
-8.013891
-8.010864
-8.005852
-8.003607
-8.002362
-7.995310
-7.994660
-7.994198
-7.991105
-7.990388
-7.987240
-7.987221
-7.986770
-7.983766
-7.981097
-7.979061
-7.974316
-7.973405
-7.972181
-7.970748
-7.970352
-7.969918
-7.965295
-7.964448
-7.959858
-7.954466
-7.946468
-7.946301
-7.944830
-7.942118
-7.941187
-7.940474
-7.940001
-7.939204
-7.938795
-7.937592
-7.935071
-7.934365
-7.933526
-7.932534
-7.932355
-7.931917
-7.930915
-7.930662
-7.930479
-7.929409
-7.929340
-7.929317
-7.928953
-7.927815
-7.927194
-7.923859
-7.922812
-7.917022
-7.916578
-7.916208
-7.914783
-7.913289
-7.912829
-7.912645
-7.911962
-7.910253
-7.909042
-7.907663
-7.907038
-7.904565
-7.903569
-7.901461
-7.899973
-7.899901
-7.895368
-7.890027
-7.881886
-7.878938
-7.878814
-7.877904
-7.876398
-7.876356
-7.872529
-7.870438
-7.862658
-7.862100
-7.861599
-7.861046
-7.857818
-7.856151
-7.854282
-7.853481
-7.853149
-7.851475
-7.849560
-7.848688
-7.844409
-7.842299
-7.832751
-7.828375
-7.827720
-7.827248
-7.826678
-7.825289
-7.824878
-7.824849
-7.823890
-7.823752
-7.822478
-7.821833
-7.817544
-7.815474
-7.814923
-7.814738
-7.813005
-7.810162
-7.808263
-7.807542
-7.806913
-7.802455
-7.800528
-7.793818
-7.790955
-7.790748
-7.790141
-7.786754
-7.786125
-7.785267
-7.785251
-7.784189
-7.783159
-7.781810
-7.778575
-7.778229
-7.778145
-7.772317
-7.771505
-7.770393
-7.767371
-7.767135
-7.766356
-7.761261
-7.757608
-7.757327
-7.755902
-7.755483
-7.754272
-7.754160
-7.750803
-7.750779
-7.747341
-7.746411
-7.746292
-7.744108
-7.741985
-7.741196
-7.740405
-7.736247
-7.731384
-7.723105
-7.718933
-7.715366
-7.714411
-7.710848
-7.710440
-7.710035
-7.709087
-7.706009
-7.704349
-7.704154
-7.700337
-7.698723
-7.696967
-7.696279
-7.693632
-7.693305
-7.693305
-7.690127
-7.689390
-7.689020
-7.687270
-7.683559
-7.682745
-7.682597
-7.681732
-7.678740
-7.677565
-7.675364
-7.673105
-7.671820
-7.670200
-7.664889
-7.664729
-7.661886
-7.661180
-7.659203
-7.657173
-7.655439
-7.654043
-7.652132
-7.652026
-7.648936
-7.648809
-7.648095
-7.644888
-7.643805
-7.643324
-7.638242
-7.638112
-7.635859
-7.635337
-7.635216
-7.634287
-7.633766
-7.631395
-7.631273
-7.629151
-7.625650
-7.623148
-7.621829
-7.620982
-7.620784
-7.618676
-7.597356
-7.597164
-7.593192
-7.590166
-7.590124
-7.588959
-7.588901
-7.588560
-7.586435
-7.586411
-7.586217
-7.581093
-7.578313
-7.569406
-7.568696
-7.568449
-7.568287
-7.566601
-7.565516
-7.563490
-7.561995
-7.561389
-7.560541
-7.555587
-7.550957
-7.550762
-7.547379
-7.544571
-7.536734
-7.535864
-7.525026
-7.524621
-7.522429
-7.521370
-7.517539
-7.513933
-7.508623
-7.507807
-7.506280
-7.503913
-7.502891
-7.502072
-7.494568
-7.493930
-7.492644
-7.492582
-7.490783
-7.488877
-7.488604
-7.488011
-7.481456
-7.480507
-7.480169
-7.477808
-7.473349
-7.469881
-7.466543
-7.465592
-7.464581
-7.463461
-7.463322
-7.462287
-7.460779
-7.460160
-7.459201
-7.458434
-7.457704
-7.456713
-7.455761
-7.453096
-7.446959
-7.446092
-7.446048
-7.444009
-7.443259
-7.435481
-7.433948
-7.433694
-7.432483
-7.429962
-7.427708
-7.427373
-7.427214
-7.427050
-7.426392
-7.423700
-7.418803
-7.418339
-7.418124
-7.417561
-7.416868
-7.411789
-7.411529
-7.409058
-7.407197
-7.406370
-7.404303
-7.401883
-7.398157
-7.397434
-7.396553
-7.396234
-7.395206
-7.394032
-7.388032
-7.387443
-7.386800
-7.385241
-7.384914
-7.384572
-7.383667
-7.377209
-7.374729
-7.373476
-7.370684
-7.369228
-7.367545
-7.365453
-7.365211
-7.364854
-7.364185
-7.362900
-7.362172
-7.360687
-7.360523
-7.358939
-7.357677
-7.356671
-7.356358
-7.354245
-7.351646
-7.351071
-7.348157
-7.346934
-7.341827
-7.341756
-7.340320
-7.339321
-7.338551
-7.335370
-7.329414
-7.327507
-7.327484
-7.327411
-7.325286
-7.321550
-7.318099
-7.316005
-7.313681
-7.308884
-7.303268
-7.300614
-7.300542
-7.298197
-7.297994
-7.296204
-7.292595
-7.289481
-7.288881
-7.287628
-7.287517
-7.286734
-7.285020
-7.283685
-7.281646
-7.281001
-7.276778
-7.270443
-7.268820
-7.260293
-7.259505
-7.248073
-7.245323
-7.243151
-7.238477
-7.235368
-7.229273
-7.225321
-7.224352
-7.221171
-7.219396
-7.217751
-7.217046
-7.217015
-7.211521
-7.205180
-7.203319
-7.201793
-7.201603
-7.195202
-7.195176
-7.194695
-7.192778
-7.191243
-7.190656
-7.189140
-7.181517
-7.181371
-7.177984
-7.177683
-7.175943
-7.174102
-7.173480
-7.169891
-7.163111
-7.161034
-7.157404
-7.154430
-7.154339
-7.153432
-7.152470
-7.152221
-7.145188
-7.143810
-7.140503
-7.140221
-7.135166
-7.132530
-7.129732
-7.129183
-7.128774
-7.128481
-7.128419
-7.128088
-7.127046
-7.126966
-7.126696
-7.125997
-7.123814
-7.117054
-7.116901
-7.115398
-7.114141
-7.112474
-7.112378
-7.111299
-7.110583
-7.108640
-7.106903
-7.104053
-7.103743
-7.103475
-7.095949
-7.095452
-7.095248
-7.095236
-7.093485
-7.092352
-7.090969
-7.086996
-7.086698
-7.085332
-7.084625
-7.084082
-7.083309
-7.082821
-7.082031
-7.081628
-7.079906
-7.079142
-7.078729
-7.077907
-7.077496
-7.077295
-7.076931
-7.072644
-7.067505
-7.064293
-7.062827
-7.059540
-7.052994
-7.052796
-7.051148
-7.051013
-7.047929
-7.040957
-7.040032
-7.039212
-7.038813
-7.036521
-7.033227
-7.031416
-7.029030
-7.028232
-7.025722
-7.024144
-7.023327
-7.023217
-7.021002
-7.020804
-7.019267
-7.013441
-7.012515
-7.012104
-7.010603
-7.007139
-7.004253
-7.003876
-7.001108
-7.000859
-6.999722
-6.997742
-6.987291
-6.984957
-6.984400
-6.983126
-6.982806
-6.979727
-6.977956
-6.977448
-6.977062
-6.975975
-6.974759
-6.973111
-6.973032
-6.970405
-6.968157
-6.966482
-6.965868
-6.963716
-6.962804
-6.962501
-6.961205
-6.958752
-6.958531
-6.958352
-6.957241
-6.953157
-6.952012
-6.949611
-6.948522
-6.945363
-6.945318
-6.945277
-6.944968
-6.942936
-6.940542
-6.939931
-6.937100
-6.936544
-6.936024
-6.935405
-6.934474
-6.932810
-6.931598
-6.930580
-6.930027
-6.925397
-6.925101
-6.919914
-6.919336
-6.916386
-6.914646
-6.912788
-6.912711
-6.912094
-6.911766
-6.910836
-6.908733
-6.908555
-6.903213
-6.896536
-6.895167
-6.887621
-6.887067
-6.882961
-6.881248
-6.880907
-6.876308
-6.870705
-6.864014
-6.862013
-6.859129
-6.858369
-6.856591
-6.853403
-6.849963
-6.848939
-6.848709
-6.847769
-6.846298
-6.845076
-6.844547
-6.837390
-6.836998
-6.835776
-6.834101
-6.830417
-6.829986
-6.828483
-6.828303
-6.827205
-6.824555
-6.823675
-6.821897
-6.816946
-6.812939
-6.811237
-6.809638
-6.808287
-6.808174
-6.808161
-6.807501
-6.805539
-6.804019
-6.803023
-6.801385
-6.798780
-6.796834
-6.794865
-6.792749
-6.792538
-6.790954
-6.789840
-6.789126
-6.788664
-6.786816
-6.782469
-6.781268
-6.779939
-6.778774
-6.776490
-6.774096
-6.773432
-6.773287
-6.770623
-6.770418
-6.769702
-6.764339
-6.763035
-6.762710
-6.760163
-6.758384
-6.755404
-6.753962
-6.753539
-6.752221
-6.749603
-6.748784
-6.743378
-6.742916
-6.740082
-6.738107
-6.737073
-6.734870
-6.731420
-6.731001
-6.729107
-6.727233
-6.727202
-6.726987
-6.725994
-6.725858
-6.725653
-6.725005
-6.724963
-6.724170
-6.723316
-6.721948
-6.720426
-6.720192
-6.720004
-6.714308
-6.713901
-6.711226
-6.709275
-6.702125
-6.699730
-6.697562
-6.696178
-6.694131
-6.693319
-6.689754
-6.689049
-6.688317
-6.687379
-6.686182
-6.685139
-6.677448
-6.677171
-6.677016
-6.674364
-6.672801
-6.670739
-6.669979
-6.669356
-6.668100
-6.666989
-6.666830
-6.665739
-6.663808
-6.662984
-6.662248
-6.661937
-6.656993
-6.654652
-6.653256
-6.651476
-6.646179
-6.645305
-6.644518
-6.644499
-6.642875
-6.632817
-6.628303
-6.626799
-6.626379
-6.626033
-6.623441
-6.619927
-6.618561
-6.612022
-6.608452
-6.607879
-6.605679
-6.604601
-6.599399
-6.596328
-6.595977
-6.595632
-6.587658
-6.586092
-6.582552
-6.582085
-6.578905
-6.578645
-6.578531
-6.576829
-6.575725
-6.573890
-6.569838
-6.566382
-6.565900
-6.561666
-6.560301
-6.559101
-6.554906
-6.552970
-6.552237
-6.549385
-6.542749
-6.539432
-6.539150
-6.537454
-6.536211
-6.535732
-6.531865
-6.526799
-6.522563
-6.522279
-6.515917
-6.513870
-6.511961
-6.510146
-6.505867
-6.502411
-6.501258
-6.491597
-6.491270
-6.488584
-6.486937
-6.484522
-6.483026
-6.481891
-6.479432
-6.475582
-6.471738
-6.470511
-6.470064
-6.468999
-6.466778
-6.465326
-6.464558
-6.460702
-6.459955
-6.458526
-6.457253
-6.456830
-6.452185
-6.451967
-6.449290
-6.447359
-6.446897
-6.444239
-6.441568
-6.441479
-6.441343
-6.440965
-6.440944
-6.440764
-6.440407
-6.438866
-6.436439
-6.432417
-6.430378
-6.428064
-6.418722
-6.414170
-6.412473
-6.407138
-6.404554
-6.403979
-6.401929
-6.399263
-6.398758
-6.396915
-6.396422
-6.394231
-6.388952
-6.386988
-6.385177
-6.384150
-6.382566
-6.382389
-6.381311
-6.381237
-6.380148
-6.379923
-6.378405
-6.377964
-6.376071
-6.376019
-6.372568
-6.370935
-6.368027
-6.357086
-6.356868
-6.355896
-6.353724
-6.352616
-6.347512
-6.346452
-6.344852
-6.344696
-6.343447
-6.339451
-6.337698
-6.337691
-6.336163
-6.335039
-6.333970
-6.333208
-6.330902
-6.329941
-6.325452
-6.321954
-6.321289
-6.321137
-6.316078
-6.315423
-6.308146
-6.305589
-6.304134
-6.298673
-6.298542
-6.296394
-6.291138
-6.288850
-6.288212
-6.287384
-6.286582
-6.277817
-6.275190
-6.274731
-6.274486
-6.273508
-6.269555
-6.268059
-6.267631
-6.263144
-6.262825
-6.258147
-6.256698
-6.254000
-6.250215
-6.248957
-6.247781
-6.246029
-6.245617
-6.244327
-6.241655
-6.236823
-6.234463
-6.228319
-6.227237
-6.227142
-6.226335
-6.222705
-6.222468
-6.218765
-6.215075
-6.212685
-6.211100
-6.210598
-6.210253
-6.208894
-6.205005
-6.204719
-6.203116
-6.202387
-6.201847
-6.196701
-6.196476
-6.196037
-6.192883
-6.192746
-6.187686
-6.185523
-6.183611
-6.181211
-6.180338
-6.178829
-6.178674
-6.177897
-6.177149
-6.169200
-6.168553
-6.167709
-6.164322
-6.164318
-6.164269
-6.160898
-6.159051
-6.157038
-6.153424
-6.151874
-6.147776
-6.146735
-6.141789
-6.140407
-6.135427
-6.132532
-6.131966
-6.131038
-6.130918
-6.129905
-6.127787
-6.126751
-6.126538
-6.124209
-6.124083
-6.119799
-6.119674
-6.116969
-6.115787
-6.113695
-6.112728
-6.112464
-6.111140
-6.109608
-6.108990
-6.107830
-6.106598
-6.101424
-6.098574
-6.098237
-6.096968
-6.096316
-6.095637
-6.094245
-6.093844
-6.092936
-6.091898
-6.086766
-6.084608
-6.083332
-6.081947
-6.078835
-6.078126
-6.075755
-6.073044
-6.071662
-6.071010
-6.069793
-6.068309
-6.068225
-6.067961
-6.065160
-6.060248
-6.059979
-6.057622
-6.057414
-6.052610
-6.050133
-6.049687
-6.047619
-6.046000
-6.044909
-6.044608
-6.044365
-6.042232
-6.040101
-6.038085
-6.035882
-6.035553
-6.027720
-6.027301
-6.026709
-6.022314
-6.020708
-6.012140
-6.003551
-5.996974
-5.996582
-5.994216
-5.985353
-5.985001
-5.984813
-5.984425
-5.984280
-5.983816
-5.983356
-5.979513
-5.978838
-5.975381
-5.973829
-5.972421
-5.972203
-5.971083
-5.970305
-5.966853
-5.966314
-5.963787
-5.958609
-5.958216
-5.957017
-5.956534
-5.954386
-5.951451
-5.951145
-5.950149
-5.948103
-5.947833
-5.947175
-5.945958
-5.944252
-5.940454
-5.940238
-5.938103
-5.935767
-5.934360
-5.933841
-5.933787
-5.931337
-5.927285
-5.926217
-5.919542
-5.917969
-5.917880
-5.912749
-5.912230
-5.909455
-5.909408
-5.907500
-5.906066
-5.905878
-5.904011
-5.901833
-5.900085
-5.898528
-5.895573
-5.895499
-5.895232
-5.892067
-5.888706
-5.886468
-5.885243
-5.884326
-5.880671
-5.880254
-5.880180
-5.878586
-5.877136
-5.875211
-5.873863
-5.873156
-5.872432
-5.872309
-5.870576
-5.870154
-5.869723
-5.865846
-5.865239
-5.864692
-5.860622
-5.860183
-5.859509
-5.854278
-5.853083
-5.851953
-5.851162
-5.844684
-5.840381
-5.838421
-5.837871
-5.837114
-5.837077
-5.834470
-5.834416
-5.831400
-5.831229
-5.830312
-5.830302
-5.819533
-5.817244
-5.813542
-5.812485
-5.811732
-5.811465
-5.810694
-5.808651
-5.805194
-5.801118
-5.801023
-5.800656
-5.794213
-5.790912
-5.787643
-5.787531
-5.780304
-5.773334
-5.770551
-5.769702
-5.767394
-5.764167
-5.763693
-5.756975
-5.756640
-5.756037
-5.755944
-5.754774
-5.752163
-5.750978
-5.750121
-5.744897
-5.743436
-5.743186
-5.742287
-5.738525
-5.738201
-5.736751
-5.732839
-5.730859
-5.729861
-5.727717
-5.726870
-5.725046
-5.724370
-5.722662
-5.720373
-5.713449
-5.712948
-5.712098
-5.710371
-5.710123
-5.704938
-5.704670
-5.704413
-5.704313
-5.703376
-5.702825
-5.701464
-5.700495
-5.698762
-5.698115
-5.697086
-5.694357
-5.693291
-5.691834
-5.691001
-5.686962
-5.686112
-5.682976
-5.682358
-5.682344
-5.681589
-5.680659
-5.673941
-5.671082
-5.665460
-5.664923
-5.664604
-5.661091
-5.660485
-5.660191
-5.656811
-5.655554
-5.654615
-5.652559
-5.652195
-5.648836
-5.646754
-5.646076
-5.641439
-5.640085
-5.629991
-5.626804
-5.622611
-5.620188
-5.619116
-5.617610
-5.617513
-5.614641
-5.614577
-5.614144
-5.607860
-5.606973
-5.606302
-5.605873
-5.604861
-5.600639
-5.596425
-5.594480
-5.593374
-5.593361
-5.589178
-5.588928
-5.582384
-5.580083
-5.577912
-5.577163
-5.576434
-5.573667
-5.565562
-5.561904
-5.561242
-5.560968
-5.555920
-5.554909
-5.554570
-5.551812
-5.548370
-5.544726
-5.543723
-5.542788
-5.540696
-5.539588
-5.535990
-5.531324
-5.527610
-5.527188
-5.524152
-5.514117
-5.513783
-5.509497
-5.506068
-5.505909
-5.505738
-5.505369
-5.501769
-5.499360
-5.499339
-5.498235
-5.495764
-5.488839
-5.488484
-5.487742
-5.486769
-5.483456
-5.476957
-5.474936
-5.471771
-5.469966
-5.468709
-5.468518
-5.468071
-5.467953
-5.463445
-5.462066
-5.460477
-5.459685
-5.457315
-5.455949
-5.454770
-5.454223
-5.453867
-5.449842
-5.448667
-5.447533
-5.447518
-5.441412
-5.436103
-5.435735
-5.433824
-5.433196
-5.432845
-5.429116
-5.427164
-5.423298
-5.423091
-5.422713
-5.420772
-5.419634
-5.418113
-5.415466
-5.409650
-5.409326
-5.409114
-5.408095
-5.407077
-5.406478
-5.406198
-5.402991
-5.401332
-5.401306
-5.401023
-5.400415
-5.400181
-5.399768
-5.396414
-5.394308
-5.393291
-5.391992
-5.388201
-5.385504
-5.384173
-5.383600
-5.380967
-5.380155
-5.379362
-5.379295
-5.378846
-5.374879
-5.373767
-5.372984
-5.371335
-5.371234
-5.368759
-5.366741
-5.366495
-5.366409
-5.365199
-5.362893
-5.360209
-5.359278
-5.355267
-5.354876
-5.354054
-5.353758
-5.353752
-5.353234
-5.351458
-5.350798
-5.348062
-5.347919
-5.344989
-5.342285
-5.342191
-5.337497
-5.336887
-5.336554
-5.335746
-5.332796
-5.330590
-5.329342
-5.326360
-5.326120
-5.324949
-5.324900
-5.322458
-5.315228
-5.314371
-5.312148
-5.307809
-5.303639
-5.300765
-5.299939
-5.295438
-5.294482
-5.292096
-5.291092
-5.285235
-5.279012
-5.271975
-5.271371
-5.267868
-5.265170
-5.263639
-5.262848
-5.260278
-5.258565
-5.258010
-5.255417
-5.254185
-5.253658
-5.253091
-5.252507
-5.252321
-5.248480
-5.246748
-5.245910
-5.244390
-5.243328
-5.241474
-5.241047
-5.239695
-5.239351
-5.238923
-5.238386
-5.238054
-5.237586
-5.237580
-5.236175
-5.233579
-5.233399
-5.231909
-5.227604
-5.227477
-5.227390
-5.223922
-5.223584
-5.221794
-5.217776
-5.216973
-5.212026
-5.202982
-5.198179
-5.196163
-5.195699
-5.192257
-5.189338
-5.189156
-5.187804
-5.180943
-5.180563
-5.174093
-5.173200
-5.169864
-5.167873
-5.161176
-5.158103
-5.157704
-5.157498
-5.156424
-5.153012
-5.152774
-5.147878
-5.146685
-5.146142
-5.143619
-5.142895
-5.139197
-5.135088
-5.133044
-5.132271
-5.124831
-5.123022
-5.122283
-5.116432
-5.115274
-5.111355
-5.104384
-5.103377
-5.099986
-5.098677
-5.094868
-5.093030
-5.091949
-5.086832
-5.085495
-5.084289
-5.082983
-5.081940
-5.080788
-5.078407
-5.071523
-5.069051
-5.068965
-5.068301
-5.067997
-5.063597
-5.063532
-5.062920
-5.061943
-5.055530
-5.052802
-5.048520
-5.047679
-5.047459
-5.043956
-5.041613
-5.040473
-5.040099
-5.038672
-5.034159
-5.031441
-5.031428
-5.029296
-5.027701
-5.024091
-5.021974
-5.018386
-5.017634
-5.016452
-5.016270
-5.016138
-5.015797
-5.010638
-5.005127
-5.004934
-5.004670
-5.003650
-5.002881
-5.000859
-4.999071
-4.996429
-4.990004
-4.989319
-4.988703
-4.988536
-4.987547
-4.986171
-4.985779
-4.985329
-4.981910
-4.980373
-4.977279
-4.974335
-4.972544
-4.969549
-4.969084
-4.968779
-4.968699
-4.963341
-4.962421
-4.962405
-4.961159
-4.960124
-4.958640
-4.958059
-4.956896
-4.951607
-4.948484
-4.947792
-4.947656
-4.946011
-4.944468
-4.940886
-4.938210
-4.935406
-4.931781
-4.930024
-4.929819
-4.921866
-4.917923
-4.914914
-4.914905
-4.914198
-4.912118
-4.911792
-4.910338
-4.908632
-4.904681
-4.901297
-4.898156
-4.897858
-4.897087
-4.896390
-4.895734
-4.894202
-4.888094
-4.886782
-4.885319
-4.884843
-4.883282
-4.879377
-4.879045
-4.878830
-4.876600
-4.871479
-4.871263
-4.869409
-4.869296
-4.868586
-4.866547
-4.865441
-4.864875
-4.864517
-4.864006
-4.862592
-4.861336
-4.861012
-4.861006
-4.860449
-4.858185
-4.857379
-4.857369
-4.853970
-4.853510
-4.852809
-4.847577
-4.846662
-4.846167
-4.843528
-4.835585
-4.830726
-4.829070
-4.828654
-4.828474
-4.824862
-4.823995
-4.823232
-4.823195
-4.818263
-4.817590
-4.815141
-4.814992
-4.813711
-4.813190
-4.809869
-4.809428
-4.807956
-4.807636
-4.807382
-4.803252
-4.802503
-4.800701
-4.799615
-4.799476
-4.797501
-4.796741
-4.796479
-4.795964
-4.795387
-4.787275
-4.785801
-4.784743
-4.783869
-4.782076
-4.781759
-4.780550
-4.777748
-4.775837
-4.773556
-4.771269
-4.770567
-4.770297
-4.767735
-4.764880
-4.762582
-4.761718
-4.760169
-4.754783
-4.753008
-4.752318
-4.751873
-4.751335
-4.751066
-4.749580
-4.747922
-4.743230
-4.742534
-4.742144
-4.741811
-4.741171
-4.738991
-4.733882
-4.729728
-4.724040
-4.721824
-4.720853
-4.720148
-4.719973
-4.719427
-4.713631
-4.712523
-4.712516
-4.706155
-4.706098
-4.703365
-4.702949
-4.700701
-4.700623
-4.699791
-4.695534
-4.692250
-4.691514
-4.690130
-4.688218
-4.686298
-4.683980
-4.682658
-4.681795
-4.681722
-4.678590
-4.677267
-4.676738
-4.674661
-4.674205
-4.673824
-4.673519
-4.672452
-4.671230
-4.669593
-4.668989
-4.662749
-4.651726
-4.647706
-4.647316
-4.645134
-4.644347
-4.642718
-4.642039
-4.640531
-4.635819
-4.631588
-4.631008
-4.626830
-4.626731
-4.625003
-4.614211
-4.612641
-4.611372
-4.611278
-4.609530
-4.608180
-4.606505
-4.604638
-4.601121
-4.597137
-4.594466
-4.592218
-4.586420
-4.585831
-4.582594
-4.582256
-4.581758
-4.576231
-4.576055
-4.575672
-4.575634
-4.574376
-4.572559
-4.571863
-4.567683
-4.567011
-4.563737
-4.563463
-4.563284
-4.560337
-4.557319
-4.557064
-4.555916
-4.555847
-4.553276
-4.552740
-4.550392
-4.549227
-4.544659
-4.544299
-4.543900
-4.542971
-4.539724
-4.537489
-4.534527
-4.531653
-4.530878
-4.526658
-4.524981
-4.517942
-4.517357
-4.515763
-4.515313
-4.514749
-4.513978
-4.509807
-4.506697
-4.505591
-4.505164
-4.503680
-4.498903
-4.498509
-4.495419
-4.495142
-4.494524
-4.490875
-4.479677
-4.478494
-4.472533
-4.471421
-4.467715
-4.467385
-4.467190
-4.466693
-4.466559
-4.466307
-4.465632
-4.464716
-4.463939
-4.460256
-4.456931
-4.456048
-4.454426
-4.452183
-4.443830
-4.443764
-4.439919
-4.436607
-4.432870
-4.431492
-4.424705
-4.424290
-4.423704
-4.422829
-4.419432
-4.418154
-4.415790
-4.411696
-4.410937
-4.410482
-4.409293
-4.409080
-4.406351
-4.406350
-4.406349
-4.405786
-4.405085
-4.404113
-4.400781
-4.399604
-4.395700
-4.395366
-4.392581
-4.392139
-4.391043
-4.390612
-4.390510
-4.386779
-4.385868
-4.382154
-4.381895
-4.381858
-4.378439
-4.378140
-4.377528
-4.373457
-4.373074
-4.371016
-4.370039
-4.368068
-4.366604
-4.363417
-4.361430
-4.360858
-4.359997
-4.359988
-4.358085
-4.356386
-4.355114
-4.354524
-4.351431
-4.350621
-4.349351
-4.346672
-4.346324
-4.345382
-4.345236
-4.344164
-4.341496
-4.337705
-4.333594
-4.332923
-4.331909
-4.331116
-4.329848
-4.326567
-4.325701
-4.324473
-4.320399
-4.319486
-4.318420
-4.318103
-4.315750
-4.311703
-4.308394
-4.307537
-4.306421
-4.304567
-4.303743
-4.303393
-4.302854
-4.302550
-4.297243
-4.289147
-4.286167
-4.284303
-4.283793
-4.283106
-4.281645
-4.279022
-4.278099
-4.274995
-4.274703
-4.274193
-4.272358
-4.268622
-4.267785
-4.264536
-4.262741
-4.256313
-4.254320
-4.253206
-4.250488
-4.249819
-4.248633
-4.248515
-4.247171
-4.246556
-4.245696
-4.245372
-4.244672
-4.244298
-4.242030
-4.241638
-4.233188
-4.230489
-4.225235
-4.224608
-4.224492
-4.221221
-4.220650
-4.217851
-4.217253
-4.216597
-4.216048
-4.210354
-4.209942
-4.209455
-4.206835
-4.198462
-4.198320
-4.197863
-4.196822
-4.185495
-4.174781
-4.173793
-4.170413
-4.169726
-4.169019
-4.168718
-4.166582
-4.163293
-4.160922
-4.160497
-4.158430
-4.156449
-4.156294
-4.155674
-4.155496
-4.153423
-4.151649
-4.151057
-4.150505
-4.150239
-4.149139
-4.147103
-4.145120
-4.142711
-4.140867
-4.137992
-4.136144
-4.132878
-4.127657
-4.127051
-4.124617
-4.123953
-4.122880
-4.122251
-4.121629
-4.120438
-4.119938
-4.119115
-4.118374
-4.118351
-4.116819
-4.116202
-4.115423
-4.114293
-4.113299
-4.108199
-4.107405
-4.103129
-4.102416
-4.098784
-4.097963
-4.097361
-4.096503
-4.090508
-4.087676
-4.085064
-4.084295
-4.082888
-4.081123
-4.079566
-4.079510
-4.078581
-4.077751
-4.074292
-4.073480
-4.070300
-4.068047
-4.063482
-4.063105
-4.061833
-4.060413
-4.058158
-4.056477
-4.055620
-4.054461
-4.052656
-4.045320
-4.042902
-4.042894
-4.040173
-4.039746
-4.037691
-4.037105
-4.036901
-4.036864
-4.032126
-4.023413
-4.020157
-4.019446
-4.017961
-4.013989
-4.012193
-4.010443
-4.009908
-4.007856
-4.006225
-4.006113
-4.005002
-4.004739
-4.003835
-4.001048
-3.999787
-3.998020
-3.997879
-3.994686
-3.991083
-3.990316
-3.989804
-3.986798
-3.980931
-3.980868
-3.980684
-3.980257
-3.979042
-3.978021
-3.964954
-3.963593
-3.963516
-3.961960
-3.961740
-3.960271
-3.956177
-3.953575
-3.949105
-3.948720
-3.948465
-3.947445
-3.947329
-3.941169
-3.940793
-3.940289
-3.940262
-3.938423
-3.938305
-3.937691
-3.934062
-3.932657
-3.932532
-3.932462
-3.931611
-3.930661
-3.928881
-3.926787
-3.925372
-3.923085
-3.919789
-3.917938
-3.916615
-3.915602
-3.914165
-3.913456
-3.911638
-3.910380
-3.909401
-3.909018
-3.907510
-3.905486
-3.905348
-3.905106
-3.904185
-3.903137
-3.902669
-3.900739
-3.898994
-3.897226
-3.896509
-3.896079
-3.892528
-3.888104
-3.884281
-3.883248
-3.882558
-3.882541
-3.881549
-3.881369
-3.878875
-3.878797
-3.871998
-3.867115
-3.866676
-3.865695
-3.864419
-3.862947
-3.859944
-3.858629
-3.858378
-3.855410
-3.854056
-3.850770
-3.850083
-3.849214
-3.848444
-3.841070
-3.838795
-3.835531
-3.835008
-3.834683
-3.832517
-3.832370
-3.828114
-3.824157
-3.823717
-3.820769
-3.812776
-3.811216
-3.811007
-3.810512
-3.807642
-3.805858
-3.801944
-3.798990
-3.798085
-3.797868
-3.793442
-3.791071
-3.790363
-3.790335
-3.788903
-3.788339
-3.780717
-3.773581
-3.771219
-3.768254
-3.766427
-3.763979
-3.762876
-3.758525
-3.757700
-3.757164
-3.756368
-3.753622
-3.744697
-3.742918
-3.742055
-3.736134
-3.730085
-3.722479
-3.721899
-3.720382
-3.720285
-3.719786
-3.713215
-3.707764
-3.707723
-3.704640
-3.703835
-3.703324
-3.702409
-3.701860
-3.701513
-3.698115
-3.697903
-3.688458
-3.687837
-3.687684
-3.687622
-3.683703
-3.682803
-3.681026
-3.678863
-3.672849
-3.671101
-3.670230
-3.666548
-3.663617
-3.662075
-3.661760
-3.660874
-3.660642
-3.660606
-3.659110
-3.653298
-3.652202
-3.651322
-3.647705
-3.646793
-3.645280
-3.639352
-3.637267
-3.636936
-3.635065
-3.634767
-3.634170
-3.632850
-3.632239
-3.630913
-3.629251
-3.625661
-3.623421
-3.619409
-3.618646
-3.612952
-3.609343
-3.608690
-3.606821
-3.606187
-3.603182
-3.602242
-3.601023
-3.598832
-3.591353
-3.590778
-3.586223
-3.585034
-3.579162
-3.578433
-3.575312
-3.570047
-3.562761
-3.560627
-3.559102
-3.556373
-3.554068
-3.551739
-3.548251
-3.543101
-3.539371
-3.538469
-3.538348
-3.536707
-3.532670
-3.531743
-3.531401
-3.530557
-3.530302
-3.530015
-3.529709
-3.528678
-3.527037
-3.524917
-3.523844
-3.523675
-3.516702
-3.515960
-3.513622
-3.513372
-3.512378
-3.507623
-3.506619
-3.506199
-3.504227
-3.503888
-3.501692
-3.498584
-3.493258
-3.492179
-3.489680
-3.489320
-3.488838
-3.482908
-3.481808
-3.480743
-3.480101
-3.479665
-3.479422
-3.476559
-3.476278
-3.476098
-3.473821
-3.473225
-3.472220
-3.470749
-3.466544
-3.463821
-3.462692
-3.461899
-3.460445
-3.454506
-3.450835
-3.446062
-3.445911
-3.445527
-3.441972
-3.441680
-3.440886
-3.438592
-3.436126
-3.433466
-3.431451
-3.430649
-3.430013
-3.427339
-3.427106
-3.423900
-3.423424
-3.421520
-3.416286
-3.413498
-3.411080
-3.404581
-3.404487
-3.403716
-3.402164
-3.401815
-3.400734
-3.400043
-3.399061
-3.389948
-3.389635
-3.387959
-3.387528
-3.387074
-3.386470
-3.385124
-3.384681
-3.378547
-3.376850
-3.375731
-3.375149
-3.372392
-3.365400
-3.363589
-3.363203
-3.358806
-3.357620
-3.353687
-3.351254
-3.348203
-3.348152
-3.346447
-3.344067
-3.343730
-3.338873
-3.336992
-3.333703
-3.333105
-3.331944
-3.329577
-3.329215
-3.325393
-3.324382
-3.319718
-3.317273
-3.316215
-3.315174
-3.314877
-3.312924
-3.312286
-3.311371
-3.308203
-3.306157
-3.303357
-3.301303
-3.301019
-3.298177
-3.296532
-3.296185
-3.295281
-3.288946
-3.288032
-3.287290
-3.284883
-3.283742
-3.277851
-3.275923
-3.274427
-3.272741
-3.272248
-3.269637
-3.265432
-3.264883
-3.264203
-3.264189
-3.256374
-3.253578
-3.252748
-3.249840
-3.249409
-3.246266
-3.244407
-3.241076
-3.237537
-3.236837
-3.227996
-3.225107
-3.222716
-3.221289
-3.220563
-3.220138
-3.219674
-3.217919
-3.217640
-3.217283
-3.214117
-3.213661
-3.213642
-3.211020
-3.210872
-3.210858
-3.206135
-3.203948
-3.202041
-3.198871
-3.197712
-3.196841
-3.196507
-3.193357
-3.185083
-3.185012
-3.184944
-3.183686
-3.179543
-3.177949
-3.177333
-3.170801
-3.170606
-3.169942
-3.168992
-3.166793
-3.164728
-3.162277
-3.159617
-3.157916
-3.156822
-3.152799
-3.151177
-3.150798
-3.150615
-3.148397
-3.147755
-3.146477
-3.145350
-3.143774
-3.140005
-3.135136
-3.133927
-3.133062
-3.130391
-3.124651
-3.121459
-3.121127
-3.115836
-3.115054
-3.114351
-3.113442
-3.113327
-3.110343
-3.108295
-3.107701
-3.104953
-3.104260
-3.095367
-3.089492
-3.083448
-3.081929
-3.081550
-3.081042
-3.073438
-3.073007
-3.061020
-3.060568
-3.056349
-3.056235
-3.052897
-3.051306
-3.050234
-3.049558
-3.045506
-3.044424
-3.041768
-3.040700
-3.039910
-3.039790
-3.039473
-3.038318
-3.037051
-3.034160
-3.032197
-3.031673
-3.028914
-3.019865
-3.018595
-3.016941
-3.014473
-3.013997
-3.012484
-3.010119
-3.010061
-3.008939
-3.007896
-3.005357
-3.003923
-2.999466
-2.994512
-2.993497
-2.992833
-2.991712
-2.989083
-2.988926
-2.983797
-2.983286
-2.980171
-2.979859
-2.978614
-2.977482
-2.975246
-2.972397
-2.971306
-2.969670
-2.968320
-2.968075
-2.967094
-2.963999
-2.963804
-2.962901
-2.960288
-2.960211
-2.958558
-2.954623
-2.954150
-2.947975
-2.947685
-2.947559
-2.946433
-2.945722
-2.937264
-2.935757
-2.934275
-2.933519
-2.931017
-2.927858
-2.926236
-2.922111
-2.915010
-2.914054
-2.913405
-2.913196
-2.911346
-2.910768
-2.910686
-2.910539
-2.909097
-2.906854
-2.906347
-2.900359
-2.893549
-2.889898
-2.887465
-2.881414
-2.879958
-2.877127
-2.873863
-2.869983
-2.866933
-2.866489
-2.866443
-2.863888
-2.863433
-2.861983
-2.855526
-2.855121
-2.853981
-2.852347
-2.851487
-2.851075
-2.846243
-2.845555
-2.843784
-2.843160
-2.843032
-2.838306
-2.837832
-2.836428
-2.836073
-2.834752
-2.833715
-2.827748
-2.824843
-2.824327
-2.823933
-2.820961
-2.817928
-2.817363
-2.817315
-2.815742
-2.815328
-2.815260
-2.814053
-2.813610
-2.813593
-2.813289
-2.812224
-2.811682
-2.811553
-2.803389
-2.803321
-2.802312
-2.800731
-2.795467
-2.793230
-2.792654
-2.792429
-2.788089
-2.785043
-2.782484
-2.776515
-2.776261
-2.776012
-2.772966
-2.772457
-2.766010
-2.763216
-2.760936
-2.760822
-2.760474
-2.757337
-2.756730
-2.752972
-2.752731
-2.752206
-2.750560
-2.749612
-2.747599
-2.747220
-2.747101
-2.743267
-2.741565
-2.741140
-2.736865
-2.733928
-2.732466
-2.732368
-2.727689
-2.726364
-2.715739
-2.715249
-2.713230
-2.710025
-2.709668
-2.709437
-2.704192
-2.703237
-2.702875
-2.698581
-2.697802
-2.696443
-2.688928
-2.688781
-2.687041
-2.686876
-2.686661
-2.683802
-2.683571
-2.682236
-2.680740
-2.679433
-2.678605
-2.673031
-2.668530
-2.667692
-2.664925
-2.662094
-2.660549
-2.656982
-2.656298
-2.655259
-2.653647
-2.652155
-2.651833
-2.650423
-2.643912
-2.643781
-2.639174
-2.637130
-2.634447
-2.632359
-2.630302
-2.628565
-2.628068
-2.627493
-2.622576
-2.620806
-2.620117
-2.618638
-2.615692
-2.612046
-2.609751
-2.608947
-2.607895
-2.606532
-2.606307
-2.602651
-2.601430
-2.601051
-2.600856
-2.600377
-2.596321
-2.594974
-2.594614
-2.588194
-2.588075
-2.588073
-2.587800
-2.586969
-2.586676
-2.584370
-2.583653
-2.580230
-2.579507
-2.577001
-2.571909
-2.571370
-2.570131
-2.569470
-2.564328
-2.557963
-2.557812
-2.557541
-2.556912
-2.556851
-2.556374
-2.553399
-2.553339
-2.547506
-2.546519
-2.545939
-2.544190
-2.544095
-2.543943
-2.543817
-2.541522
-2.539475
-2.531857
-2.530901
-2.530601
-2.529952
-2.528893
-2.524979
-2.524290
-2.523734
-2.521702
-2.520215
-2.519739
-2.518156
-2.517083
-2.516532
-2.510357
-2.509166
-2.509138
-2.505536
-2.505310
-2.504279
-2.503189
-2.501997
-2.501648
-2.500038
-2.497732
-2.497581
-2.495830
-2.494308
-2.491426
-2.490406
-2.489554
-2.488040
-2.486803
-2.486238
-2.485891
-2.484269
-2.482878
-2.481943
-2.480477
-2.479732
-2.479650
-2.475565
-2.474205
-2.471630
-2.471404
-2.467956
-2.467380
-2.466018
-2.460202
-2.459257
-2.457685
-2.454775
-2.452690
-2.452577
-2.451798
-2.451472
-2.449650
-2.448770
-2.436191
-2.436164
-2.434656
-2.433269
-2.431780
-2.431588
-2.430663
-2.430484
-2.428963
-2.426981
-2.426618
-2.421677
-2.420027
-2.419576
-2.417029
-2.416003
-2.415721
-2.415389
-2.406528
-2.402197
-2.399782
-2.398511
-2.398167
-2.397178
-2.395181
-2.394042
-2.393467
-2.389665
-2.387286
-2.386870
-2.384493
-2.384450
-2.382659
-2.381267
-2.379601
-2.378634
-2.378613
-2.377420
-2.374783
-2.372303
-2.371465
-2.370613
-2.369647
-2.365901
-2.363136
-2.362275
-2.361677
-2.351880
-2.349418
-2.346975
-2.345061
-2.344828
-2.343712
-2.343079
-2.341774
-2.341664
-2.341118
-2.339711
-2.337696
-2.335270
-2.335059
-2.332576
-2.330274
-2.330044
-2.329188
-2.329135
-2.328385
-2.327590
-2.327416
-2.327376
-2.327108
-2.324777
-2.323640
-2.322111
-2.317521
-2.316377
-2.315207
-2.314052
-2.312389
-2.310422
-2.304483
-2.304143
-2.303001
-2.302824
-2.302290
-2.302165
-2.300698
-2.300309
-2.297467
-2.296998
-2.296477
-2.294235
-2.288311
-2.287518
-2.286646
-2.283729
-2.282623
-2.280267
-2.280054
-2.277746
-2.275541
-2.274036
-2.273839
-2.272646
-2.272346
-2.271416
-2.270186
-2.268384
-2.267888
-2.266125
-2.265679
-2.264922
-2.258423
-2.258139
-2.256368
-2.255833
-2.252182
-2.250550
-2.244258
-2.236784
-2.234534
-2.233559
-2.232544
-2.230779
-2.226559
-2.225045
-2.224944
-2.223240
-2.222413
-2.220842
-2.217333
-2.216942
-2.213290
-2.213159
-2.213144
-2.206084
-2.204134
-2.204037
-2.203855
-2.203711
-2.199974
-2.199732
-2.196817
-2.196780
-2.189005
-2.188341
-2.188315
-2.187321
-2.185953
-2.185597
-2.184340
-2.182332
-2.181383
-2.179495
-2.176544
-2.175328
-2.175043
-2.167834
-2.165385
-2.164816
-2.162193
-2.155734
-2.155328
-2.153684
-2.146364
-2.145415
-2.144774
-2.144697
-2.139282
-2.137788
-2.134647
-2.127750
-2.126644
-2.124952
-2.122680
-2.121754
-2.120128
-2.118784
-2.116910
-2.116331
-2.114855
-2.113404
-2.112648
-2.111061
-2.108200
-2.104691
-2.103267
-2.103101
-2.102703
-2.101635
-2.100234
-2.097814
-2.094364
-2.094119
-2.091759
-2.091265
-2.088722
-2.085170
-2.082218
-2.081546
-2.081444
-2.077820
-2.076862
-2.076232
-2.073628
-2.073593
-2.072001
-2.070005
-2.068185
-2.067155
-2.064095
-2.061542
-2.058707
-2.058331
-2.056147
-2.055894
-2.055057
-2.053370
-2.048393
-2.040673
-2.039327
-2.037413
-2.032447
-2.028601
-2.024135
-2.017992
-2.016821
-2.016474
-2.011432
-2.010799
-2.008809
-2.006733
-2.005251
-2.003627
-2.002584
-2.001697
-1.996181
-1.995895
-1.995541
-1.994649
-1.987389
-1.985733
-1.982948
-1.981901
-1.979651
-1.978008
-1.977237
-1.972105
-1.971513
-1.971277
-1.970378
-1.966173
-1.964037
-1.963889
-1.962683
-1.961844
-1.961702
-1.959174
-1.956043
-1.955314
-1.955122
-1.950510
-1.942567
-1.939890
-1.939148
-1.935911
-1.929336
-1.926746
-1.925430
-1.925043
-1.923120
-1.921109
-1.920470
-1.917646
-1.913349
-1.909488
-1.908657
-1.907655
-1.907254
-1.906844
-1.903280
-1.900140
-1.897094
-1.896986
-1.896976
-1.893935
-1.890842
-1.890159
-1.888429
-1.887882
-1.887550
-1.885222
-1.883124
-1.881676
-1.880863
-1.878055
-1.876691
-1.876105
-1.875631
-1.875202
-1.873410
-1.871063
-1.866197
-1.865877
-1.864742
-1.860535
-1.858767
-1.856731
-1.849928
-1.846729
-1.844638
-1.844104
-1.842576
-1.841297
-1.840001
-1.836293
-1.835236
-1.835155
-1.834903
-1.833208
-1.829403
-1.829018
-1.828392
-1.817320
-1.816280
-1.815405
-1.814053
-1.812580
-1.810449
-1.808475
-1.806433
-1.803609
-1.802931
-1.801933
-1.801897
-1.801220
-1.800982
-1.799518
-1.798452
-1.797811
-1.797601
-1.797471
-1.795789
-1.790922
-1.789117
-1.787843
-1.784889
-1.782831
-1.780990
-1.778277
-1.774056
-1.769869
-1.769059
-1.768501
-1.758635
-1.755918
-1.755422
-1.752732
-1.751994
-1.750605
-1.750141
-1.747850
-1.747645
-1.742218
-1.741570
-1.738754
-1.735949
-1.732153
-1.730805
-1.730725
-1.729636
-1.726459
-1.724434
-1.720661
-1.720361
-1.718867
-1.718685
-1.718622
-1.717829
-1.717492
-1.714165
-1.711566
-1.709425
-1.709097
-1.706411
-1.705053
-1.702272
-1.702007
-1.699561
-1.698602
-1.694388
-1.692322
-1.690994
-1.685377
-1.682059
-1.681258
-1.681203
-1.680829
-1.679108
-1.678183
-1.675140
-1.674944
-1.672798
-1.672723
-1.668633
-1.667521
-1.666228
-1.665588
-1.665558
-1.662535
-1.661533
-1.660773
-1.655328
-1.651242
-1.650664
-1.650046
-1.648514
-1.648291
-1.648209
-1.645160
-1.644101
-1.641545
-1.641372
-1.638083
-1.637758
-1.635856
-1.634148
-1.631494
-1.626768
-1.625904
-1.624029
-1.621983
-1.616243
-1.614115
-1.613003
-1.609768
-1.609224
-1.605000
-1.603388
-1.602442
-1.602088
-1.598789
-1.597838
-1.593454
-1.589440
-1.588509
-1.586071
-1.585273
-1.584875
-1.584346
-1.581112
-1.579403
-1.578574
-1.578252
-1.574303
-1.571745
-1.571631
-1.565701
-1.561108
-1.560305
-1.556947
-1.553428
-1.546676
-1.541525
-1.539772
-1.538706
-1.538166
-1.537129
-1.536677
-1.536264
-1.535592
-1.535077
-1.532752
-1.526758
-1.525815
-1.525745
-1.525412
-1.521710
-1.518896
-1.515244
-1.514120
-1.509500
-1.505613
-1.504339
-1.500996
-1.500076
-1.491739
-1.486627
-1.485314
-1.476239
-1.474544
-1.470046
-1.469487
-1.468873
-1.466710
-1.466449
-1.461394
-1.454343
-1.452513
-1.449523
-1.448155
-1.446282
-1.441801
-1.440947
-1.439944
-1.438227
-1.429117
-1.425117
-1.423619
-1.419827
-1.417497
-1.414222
-1.412612
-1.411252
-1.409977
-1.409334
-1.407361
-1.401255
-1.399339
-1.392080
-1.389867
-1.386612
-1.382777
-1.382367
-1.381205
-1.380953
-1.378938
-1.376935
-1.372087
-1.370800
-1.369247
-1.362469
-1.358839
-1.358536
-1.358289
-1.355792
-1.352386
-1.351270
-1.350061
-1.349638
-1.347922
-1.347189
-1.345601
-1.344772
-1.344115
-1.344041
-1.340399
-1.340070
-1.336220
-1.334845
-1.334295
-1.334032
-1.331372
-1.327620
-1.322596
-1.321900
-1.320243
-1.319899
-1.317725
-1.316146
-1.313877
-1.313236
-1.307562
-1.307136
-1.306667
-1.306391
-1.304263
-1.303308
-1.303177
-1.302654
-1.301832
-1.297298
-1.295136
-1.287445
-1.284114
-1.283563
-1.282791
-1.280039
-1.275092
-1.274962
-1.270673
-1.270452
-1.270405
-1.268630
-1.267851
-1.267520
-1.267223
-1.265371
-1.260195
-1.259469
-1.254070
-1.243652
-1.242509
-1.242380
-1.242326
-1.238694
-1.232805
-1.232085
-1.231376
-1.231341
-1.231032
-1.230331
-1.230128
-1.228478
-1.226858
-1.225596
-1.225340
-1.224856
-1.223899
-1.218628
-1.218539
-1.216544
-1.214383
-1.213678
-1.212887
-1.204893
-1.204419
-1.203528
-1.201963
-1.200494
-1.198992
-1.198613
-1.196284
-1.193475
-1.193444
-1.186781
-1.185972
-1.184151
-1.180929
-1.179288
-1.178480
-1.178442
-1.178426
-1.172726
-1.172151
-1.170738
-1.168683
-1.167877
-1.166223
-1.164469
-1.163055
-1.161917
-1.160877
-1.159500
-1.158531
-1.157702
-1.154943
-1.150614
-1.149696
-1.148943
-1.146115
-1.145674
-1.143290
-1.142083
-1.137589
-1.136953
-1.135792
-1.134105
-1.134013
-1.132252
-1.130306
-1.124022
-1.123967
-1.122598
-1.122128
-1.121905
-1.121335
-1.120891
-1.119127
-1.118573
-1.112755
-1.111483
-1.108021
-1.097781
-1.096362
-1.094684
-1.090465
-1.090082
-1.088980
-1.088166
-1.087160
-1.085867
-1.083984
-1.080834
-1.079051
-1.079051
-1.078887
-1.077363
-1.077217
-1.074368
-1.073775
-1.070427
-1.070248
-1.068513
-1.067155
-1.064553
-1.061754
-1.060724
-1.060101
-1.058954
-1.056785
-1.056120
-1.054823
-1.048485
-1.047993
-1.047606
-1.045048
-1.041587
-1.039553
-1.036749
-1.033158
-1.031107
-1.026222
-1.026179
-1.026119
-1.025759
-1.024704
-1.022893
-1.018244
-1.017154
-1.014082
-1.013874
-1.009732
-1.008565
-1.007532
-1.003956
-1.002492
-0.999564
-0.995763
-0.995620
-0.995276
-0.995111
-0.992279
-0.988200
-0.986011
-0.983967
-0.972281
-0.972038
-0.972003
-0.970803
-0.970734
-0.969516
-0.968636
-0.963697
-0.957083
-0.954558
-0.953815
-0.946799
-0.945966
-0.937391
-0.935692
-0.933153
-0.932060
-0.931929
-0.930826
-0.930680
-0.926571
-0.926097
-0.924582
-0.923511
-0.921608
-0.920248
-0.919358
-0.918350
-0.918288
-0.910619
-0.909032
-0.906981
-0.900158
-0.899913
-0.899246
-0.899016
-0.897433
-0.894790
-0.892836
-0.892644
-0.891501
-0.889678
-0.889600
-0.887499
-0.887179
-0.878376
-0.874634
-0.871962
-0.867156
-0.862701
-0.862610
-0.854151
-0.851394
-0.850668
-0.843906
-0.842291
-0.839693
-0.837505
-0.836313
-0.835384
-0.833000
-0.829206
-0.826423
-0.825584
-0.824746
-0.822886
-0.822110
-0.818124
-0.817621
-0.813171
-0.812836
-0.812770
-0.812222
-0.809941
-0.807479
-0.805509
-0.800203
-0.796824
-0.796489
-0.793165
-0.792272
-0.791281
-0.790835
-0.788197
-0.788196
-0.787600
-0.786256
-0.784944
-0.783992
-0.783904
-0.781739
-0.780133
-0.779719
-0.779211
-0.778421
-0.777618
-0.774333
-0.772350
-0.769418
-0.765756
-0.760470
-0.758968
-0.758276
-0.752642
-0.748797
-0.748775
-0.747399
-0.738613
-0.736193
-0.735932
-0.735279
-0.733697
-0.733183
-0.722959
-0.721869
-0.721720
-0.720018
-0.718584
-0.718391
-0.717689
-0.717261
-0.714550
-0.713132
-0.708861
-0.706615
-0.703986
-0.703580
-0.702136
-0.700346
-0.699982
-0.696117
-0.691114
-0.688825
-0.686102
-0.684212
-0.680823
-0.678848
-0.677666
-0.675121
-0.671436
-0.670460
-0.667415
-0.666461
-0.665683
-0.663775
-0.662291
-0.659485
-0.656539
-0.654371
-0.649751
-0.649320
-0.648912
-0.648684
-0.648218
-0.646805
-0.644874
-0.644870
-0.641249
-0.637322
-0.634999
-0.632649
-0.632283
-0.631442
-0.630731
-0.625280
-0.620289
-0.618968
-0.618625
-0.617704
-0.617233
-0.616387
-0.616069
-0.615748
-0.615112
-0.614323
-0.612516
-0.608821
-0.608285
-0.605032
-0.604804
-0.604288
-0.603160
-0.602991
-0.602331
-0.601912
-0.601451
-0.600188
-0.598236
-0.597171
-0.593575
-0.589260
-0.588518
-0.587656
-0.586755
-0.585103
-0.583436
-0.582452
-0.577554
-0.577283
-0.575435
-0.573994
-0.571657
-0.570655
-0.568638
-0.565936
-0.565425
-0.564845
-0.563460
-0.563082
-0.562466
-0.561040
-0.561015
-0.557709
-0.556961
-0.555799
-0.554952
-0.549385
-0.549378
-0.549166
-0.548076
-0.546647
-0.544100
-0.543400
-0.543244
-0.542666
-0.542280
-0.539717
-0.538319
-0.534773
-0.531732
-0.530021
-0.526887
-0.519798
-0.519282
-0.512242
-0.508193
-0.503968
-0.502395
-0.501842
-0.501306
-0.483753
-0.480344
-0.480125
-0.477779
-0.475877
-0.475101
-0.475011
-0.474614
-0.468698
-0.466238
-0.460828
-0.460111
-0.457439
-0.455820
-0.451054
-0.447093
-0.445750
-0.445305
-0.445018
-0.442089
-0.437805
-0.435867
-0.435738
-0.433581
-0.433055
-0.432867
-0.432713
-0.430482
-0.428141
-0.422786
-0.419768
-0.414472
-0.414383
-0.413612
-0.404025
-0.401679
-0.400386
-0.396142
-0.391458
-0.388777
-0.387556
-0.387140
-0.387011
-0.378183
-0.377311
-0.376826
-0.370943
-0.366006
-0.364772
-0.358306
-0.349653
-0.347376
-0.340552
-0.337874
-0.337427
-0.335523
-0.335058
-0.328239
-0.326474
-0.322678
-0.320992
-0.320754
-0.313963
-0.310589
-0.305874
-0.305731
-0.304336
-0.304270
-0.303384
-0.299907
-0.296476
-0.294426
-0.294371
-0.293546
-0.292412
-0.292092
-0.289175
-0.288877
-0.287752
-0.282599
-0.282407
-0.278567
-0.276176
-0.275207
-0.271631
-0.267841
-0.266125
-0.264705
-0.261663
-0.259805
-0.253186
-0.252537
-0.252428
-0.251965
-0.248798
-0.243893
-0.242336
-0.236280
-0.235960
-0.233047
-0.232454
-0.232027
-0.231880
-0.231589
-0.231571
-0.231272
-0.229938
-0.228705
-0.227757
-0.225660
-0.221916
-0.220949
-0.219478
-0.218633
-0.216978
-0.215694
-0.214475
-0.214384
-0.213903
-0.212213
-0.205250
-0.203886
-0.203661
-0.202894
-0.201266
-0.200092
-0.197682
-0.192601
-0.191091
-0.189347
-0.186839
-0.179865
-0.176292
-0.173566
-0.172697
-0.171784
-0.171691
-0.170524
-0.170455
-0.168541
-0.168225
-0.164807
-0.163850
-0.162527
-0.162174
-0.162012
-0.158662
-0.157565
-0.156716
-0.156383
-0.155094
-0.151248
-0.147370
-0.142084
-0.141408
-0.141221
-0.140912
-0.136309
-0.135664
-0.134333
-0.129667
-0.129287
-0.128912
-0.128706
-0.127420
-0.125911
-0.120010
-0.118216
-0.115387
-0.114481
-0.104325
-0.100668
-0.098164
-0.096345
-0.092574
-0.091619
-0.090876
-0.087249
-0.086542
-0.085118
-0.078925
-0.077718
-0.077642
-0.077441
-0.077205
-0.072505
-0.071762
-0.071085
-0.067066
-0.062988
-0.057790
-0.053272
-0.052439
-0.052389
-0.050262
-0.045377
-0.044411
-0.042502
-0.041397
-0.040430
-0.039337
-0.036014
-0.035729
-0.031798
-0.028298
-0.026445
-0.023084
-0.021984
-0.017304
-0.015609
-0.014991
-0.013787
-0.012562
-0.011032
-0.011031
-0.010091
-0.009602
-0.003101
-0.001396
-0.001116
0.003723
0.005223
0.007231
0.007354
0.007495
0.007664
0.007688
0.010512
0.013406
0.014056
0.014366
0.016312
0.017725
0.018384
0.019481
0.020425
0.021024
0.021316
0.021333
0.021929
0.022872
0.023597
0.027028
0.030355
0.031039
0.034514
0.035734
0.036826
0.036829
0.043313
0.046743
0.048327
0.049380
0.049573
0.052202
0.055168
0.058212
0.062013
0.062618
0.063775
0.065008
0.068505
0.068688
0.070276
0.070886
0.072636
0.072725
0.073069
0.075070
0.077816
0.085752
0.087923
0.090568
0.092976
0.096290
0.097751
0.099298
0.101182
0.105331
0.109119
0.116462
0.116683
0.119881
0.121215
0.124514
0.125718
0.129467
0.138459
0.138677
0.141434
0.143586
0.145399
0.146796
0.149244
0.151239
0.151992
0.152473
0.155027
0.156758
0.156911
0.160521
0.161865
0.161890
0.164010
0.164320
0.165706
0.171035
0.171297
0.172350
0.178317
0.180688
0.181031
0.181826
0.182321
0.183256
0.183477
0.186286
0.186533
0.187302
0.187782
0.191317
0.196369
0.197427
0.197754
0.199216
0.199948
0.203729
0.203747
0.206152
0.207139
0.218718
0.220090
0.220775
0.223525
0.227279
0.235986
0.237483
0.238812
0.240257
0.240277
0.244009
0.244741
0.244830
0.254470
0.254800
0.255248
0.262224
0.263701
0.264728
0.266434
0.270548
0.270676
0.272839
0.273699
0.274333
0.274939
0.276656
0.279868
0.281403
0.282797
0.283213
0.283932
0.285404
0.288078
0.289112
0.289511
0.291654
0.292394
0.296808
0.298699
0.305506
0.305539
0.306048
0.306320
0.307480
0.309797
0.313373
0.313540
0.313796
0.315138
0.315900
0.315932
0.317331
0.317796
0.322021
0.322652
0.323460
0.324928
0.326621
0.328944
0.334883
0.336226
0.340012
0.340427
0.343163
0.344221
0.345433
0.351075
0.352789
0.353058
0.356549
0.356886
0.357361
0.357647
0.358296
0.370056
0.371303
0.373430
0.373605
0.375365
0.382747
0.383880
0.384106
0.389576
0.392361
0.395492
0.398100
0.400380
0.400578
0.400973
0.401788
0.404947
0.408937
0.414017
0.417386
0.417837
0.423625
0.432325
0.433178
0.433435
0.436021
0.436741
0.438538
0.441085
0.444229
0.444890
0.447105
0.447894
0.455068
0.460472
0.461095
0.462943
0.464630
0.465053
0.465944
0.466869
0.473708
0.474492
0.477316
0.479847
0.481693
0.482422
0.482936
0.485042
0.485662
0.488029
0.488958
0.489820
0.495484
0.496951
0.497860
0.498266
0.499519
0.503882
0.504013
0.505229
0.505746
0.505800
0.514469
0.514550
0.518042
0.523431
0.524130
0.524215
0.524720
0.524749
0.528381
0.532884
0.543232
0.544276
0.545658
0.546144
0.547934
0.547974
0.548097
0.552056
0.552133
0.559653
0.564145
0.569823
0.569953
0.570595
0.573805
0.578748
0.581355
0.584935
0.585651
0.589641
0.592396
0.596223
0.598116
0.599162
0.603269
0.605622
0.607177
0.614348
0.615981
0.619232
0.625237
0.626536
0.627648
0.631226
0.634059
0.634368
0.641004
0.641735
0.642926
0.643493
0.645163
0.647207
0.649387
0.652017
0.655186
0.656564
0.658151
0.658271
0.660658
0.662767
0.663139
0.664855
0.670932
0.672909
0.674817
0.675487
0.677732
0.677799
0.679414
0.679596
0.682201
0.683293
0.686360
0.686520
0.688371
0.688482
0.689521
0.697865
0.700423
0.701203
0.701692
0.706931
0.707492
0.708348
0.710058
0.710836
0.712543
0.712978
0.713260
0.715702
0.717017
0.718941
0.722378
0.724124
0.728685
0.730098
0.733538
0.739429
0.741495
0.749623
0.749808
0.749960
0.752498
0.754044
0.754224
0.756873
0.757526
0.760773
0.761527
0.763022
0.763968
0.766593
0.767820
0.768527
0.776589
0.778352
0.779586
0.779718
0.780700
0.781496
0.791039
0.793749
0.799711
0.802957
0.806720
0.807027
0.807217
0.807442
0.808090
0.808828
0.809089
0.809913
0.810843
0.811770
0.814287
0.815181
0.815821
0.819968
0.821714
0.822718
0.824313
0.832777
0.834107
0.836655
0.840933
0.841828
0.844538
0.845440
0.846681
0.847962
0.847990
0.851439
0.854855
0.855107
0.855449
0.856844
0.856916
0.859928
0.859974
0.860627
0.861100
0.870108
0.871598
0.875297
0.876655
0.877197
0.877545
0.877793
0.879919
0.880340
0.882017
0.883385
0.884139
0.884706
0.887986
0.892967
0.894052
0.895602
0.898387
0.900463
0.900862
0.900992
0.903980
0.906705
0.907289
0.915687
0.918701
0.921480
0.921764
0.922664
0.925863
0.926712
0.927788
0.930480
0.930749
0.930828
0.932395
0.934433
0.934481
0.936439
0.939618
0.940689
0.941888
0.942073
0.942443
0.943285
0.943906
0.950484
0.950604
0.950684
0.953987
0.954321
0.954711
0.958367
0.963514
0.963607
0.963992
0.965162
0.965951
0.966648
0.967223
0.970406
0.973137
0.974529
0.975731
0.976356
0.977584
0.979384
0.987184
0.992036
0.993407
0.996917
0.998827
1.001059
1.002315
1.004002
1.007068
1.009952
1.015512
1.020803
1.026509
1.027680
1.028691
1.031315
1.031759
1.042376
1.042496
1.043021
1.047053
1.047622
1.049923
1.056388
1.057631
1.058056
1.062242
1.065408
1.066319
1.071726
1.073126
1.075852
1.076324
1.076416
1.077031
1.077959
1.088229
1.091000
1.096258
1.097670
1.099541
1.105996
1.106596
1.110473
1.110642
1.110943
1.112434
1.113914
1.116581
1.118200
1.118772
1.123643
1.132674
1.137730
1.139315
1.139640
1.139947
1.140685
1.140774
1.140975
1.142616
1.143249
1.143323
1.144359
1.144570
1.149448
1.154057
1.155194
1.160695
1.162142
1.163355
1.169589
1.170814
1.173244
1.173841
1.174191
1.177167
1.178613
1.178662
1.182359
1.183387
1.184059
1.184672
1.184718
1.190761
1.195951
1.196527
1.197374
1.197539
1.197586
1.198206
1.198591
1.198704
1.199677
1.199688
1.201108
1.204569
1.205851
1.206249
1.206866
1.209401
1.209856
1.220961
1.222009
1.222715
1.224991
1.226538
1.230266
1.234996
1.235958
1.240683
1.241540
1.242143
1.247404
1.248223
1.248548
1.249629
1.255666
1.256756
1.258649
1.263198
1.264049
1.267606
1.270510
1.273859
1.274067
1.274750
1.277934
1.282226
1.285701
1.286057
1.290315
1.291172
1.291604
1.292160
1.292629
1.296248
1.300958
1.301193
1.301827
1.312230
1.313982
1.314727
1.315319
1.319109
1.319717
1.320358
1.322923
1.324946
1.327176
1.332208
1.332796
1.332937
1.334327
1.336742
1.338593
1.338729
1.340346
1.342744
1.344137
1.344582
1.345503
1.347240
1.348362
1.348454
1.349661
1.349681
1.349889
1.352322
1.353286
1.354197
1.354777
1.355328
1.355589
1.355601
1.357409
1.358027
1.360266
1.360872
1.364483
1.365940
1.367598
1.368375
1.371743
1.372411
1.372703
1.377235
1.379068
1.379073
1.382414
1.384434
1.389058
1.389803
1.390073
1.391614
1.396886
1.399850
1.402612
1.403504
1.404180
1.405000
1.408067
1.408294
1.410865
1.411398
1.415012
1.416400
1.419710
1.421056
1.422469
1.424978
1.426358
1.428706
1.428949
1.429562
1.430050
1.430208
1.433428
1.439468
1.441567
1.443331
1.450172
1.451926
1.452993
1.455943
1.456781
1.457144
1.461458
1.463494
1.471736
1.472523
1.474045
1.474657
1.477006
1.479459
1.479996
1.483840
1.485934
1.486497
1.487751
1.491575
1.492636
1.493308
1.495278
1.497514
1.501014
1.502181
1.502581
1.502664
1.505213
1.505864
1.511900
1.516090
1.517934
1.518116
1.518611
1.521178
1.521185
1.523036
1.527381
1.527567
1.527981
1.528893
1.529930
1.531415
1.531770
1.531895
1.537301
1.538840
1.541614
1.542506
1.543378
1.546606
1.552824
1.554547
1.559875
1.560382
1.561463
1.561486
1.561859
1.565854
1.569825
1.574383
1.577346
1.577737
1.577960
1.584135
1.588526
1.588789
1.588913
1.589431
1.592490
1.594342
1.598087
1.598694
1.599227
1.603646
1.608666
1.610670
1.613469
1.615539
1.616786
1.622958
1.623203
1.623632
1.624592
1.630839
1.634091
1.634603
1.635676
1.638068
1.639118
1.642224
1.646519
1.648492
1.648830
1.651630
1.652488
1.656806
1.663821
1.664311
1.665127
1.671312
1.673385
1.673831
1.677996
1.679667
1.680392
1.685022
1.685633
1.687027
1.687812
1.691002
1.694199
1.697888
1.698777
1.699193
1.699567
1.700400
1.701619
1.701751
1.706532
1.706600
1.706655
1.706841
1.707290
1.710407
1.710427
1.710587
1.711286
1.715541
1.716662
1.717305
1.717900
1.722269
1.729250
1.729292
1.731607
1.732088
1.733550
1.736444
1.738705
1.739590
1.744100
1.745254
1.745606
1.745888
1.746164
1.754725
1.757083
1.759568
1.762405
1.766728
1.767396
1.769907
1.772229
1.772683
1.773850
1.780455
1.785686
1.788619
1.790414
1.790719
1.792438
1.793812
1.797668
1.805235
1.805622
1.807688
1.807870
1.812055
1.812538
1.814970
1.816955
1.817383
1.818124
1.818459
1.819380
1.822192
1.824901
1.826859
1.826889
1.827279
1.827712
1.828577
1.830304
1.831038
1.834654
1.837638
1.840546
1.843628
1.845732
1.847324
1.847730
1.847843
1.850603
1.851965
1.854873
1.858077
1.859014
1.862798
1.868334
1.870058
1.872255
1.875505
1.879814
1.881328
1.882490
1.882662
1.885928
1.888527
1.892541
1.894776
1.895789
1.896825
1.907946
1.908138
1.909115
1.914860
1.916209
1.917448
1.918118
1.921167
1.926903
1.928304
1.929650
1.931648
1.932241
1.932614
1.934184
1.934373
1.934623
1.936470
1.938932
1.940268
1.943299
1.951463
1.954069
1.956784
1.957227
1.958584
1.965792
1.969321
1.971357
1.973556
1.974107
1.975361
1.978641
1.979491
1.980594
1.983299
1.984698
1.984922
1.985703
1.986125
1.987407
1.990629
1.990701
1.991912
1.991919
1.992872
1.995316
1.996625
1.997346
1.997454
1.997499
1.998205
1.998582
1.999367
1.999999
2.000591
2.002171
2.005095
2.005689
2.011314
2.013307
2.013936
2.017196
2.017663
2.018038
2.018886
2.020948
2.022822
2.024025
2.026009
2.026076
2.027140
2.028619
2.040390
2.045169
2.046443
2.047293
2.054318
2.054697
2.057625
2.058618
2.061339
2.061597
2.065047
2.065354
2.066787
2.071558
2.074108
2.074894
2.075575
2.075892
2.076504
2.077101
2.077613
2.085069
2.086837
2.087771
2.088504
2.089525
2.093277
2.094203
2.094772
2.095747
2.097295
2.101403
2.101656
2.102121
2.103855
2.104229
2.104436
2.105003
2.107645
2.110307
2.111983
2.113307
2.117081
2.117697
2.117853
2.118262
2.118611
2.118673
2.119569
2.120046
2.120781
2.121862
2.124699
2.131822
2.133028
2.135308
2.135997
2.138451
2.139199
2.141336
2.143109
2.145884
2.146119
2.146824
2.146965
2.148608
2.148648
2.151771
2.156054
2.157383
2.164014
2.165968
2.166925
2.167738
2.169996
2.171861
2.175720
2.176915
2.177616
2.178615
2.182950
2.183230
2.186530
2.194144
2.196668
2.197411
2.204927
2.205027
2.207513
2.208003
2.209738
2.209794
2.214192
2.214344
2.215536
2.218940
2.220132
2.222657
2.225202
2.225234
2.225253
2.226623
2.228080
2.228084
2.234619
2.235467
2.236657
2.237248
2.237966
2.237998
2.239011
2.241575
2.242744
2.243175
2.243404
2.243578
2.246355
2.249963
2.251022
2.255299
2.255875
2.259980
2.260967
2.262248
2.263020
2.264802
2.272647
2.273047
2.273287
2.273527
2.275708
2.276186
2.277364
2.280411
2.280998
2.284194
2.287405
2.291064
2.295604
2.297169
2.298006
2.300543
2.301856
2.303407
2.306074
2.306258
2.307333
2.307453
2.308499
2.310999
2.311799
2.312464
2.312846
2.314448
2.316570
2.316786
2.317691
2.321058
2.321079
2.321209
2.323828
2.324305
2.327355
2.328379
2.335138
2.335201
2.337423
2.339113
2.339887
2.341343
2.342503
2.343513
2.343584
2.347802
2.349407
2.351900
2.352500
2.353624
2.354453
2.357199
2.362663
2.363446
2.367110
2.368014
2.370687
2.371852
2.373225
2.373756
2.375381
2.375469
2.375854
2.376194
2.376693
2.377467
2.380676
2.383059
2.385162
2.385611
2.387135
2.387340
2.396734
2.398221
2.401262
2.402429
2.402675
2.407475
2.409648
2.409841
2.410251
2.412064
2.412889
2.414729
2.418020
2.423798
2.426196
2.430355
2.432364
2.434230
2.435496
2.436421
2.436909
2.443050
2.443157
2.444014
2.444504
2.444657
2.446644
2.449035
2.449227
2.452460
2.452728
2.460010
2.463955
2.464828
2.465720
2.466306
2.466582
2.467861
2.470760
2.471225
2.472496
2.473124
2.473693
2.474799
2.477111
2.486395
2.486653
2.489780
2.493634
2.495884
2.504602
2.505322
2.511841
2.512138
2.519991
2.520920
2.521548
2.527745
2.529907
2.530703
2.530712
2.534038
2.535373
2.536960
2.537265
2.538283
2.538445
2.540130
2.542519
2.543294
2.544700
2.548910
2.548948
2.550973
2.551076
2.555340
2.556224
2.556248
2.557699
2.557847
2.560955
2.563883
2.566548
2.566597
2.568287
2.576395
2.579583
2.584620
2.584954
2.586308
2.591720
2.594030
2.594058
2.595460
2.602556
2.603700
2.605484
2.610905
2.611720
2.613168
2.613177
2.615534
2.616051
2.617693
2.617840
2.618768
2.619690
2.623651
2.624415
2.626143
2.628449
2.629319
2.632492
2.633068
2.636124
2.639820
2.645422
2.647136
2.648251
2.648737
2.649250
2.652149
2.653131
2.657242
2.657648
2.658908
2.660179
2.665657
2.665961
2.666898
2.668664
2.672867
2.673996
2.682282
2.684923
2.685346
2.687161
2.688097
2.688359
2.690250
2.690733
2.691066
2.693020
2.701392
2.706919
2.707336
2.708217
2.708352
2.709387
2.712165
2.720807
2.729244
2.730315
2.731240
2.731744
2.733005
2.733763
2.738601
2.740104
2.740197
2.741189
2.741799
2.743043
2.744623
2.745315
2.745452
2.747061
2.749442
2.754998
2.758451
2.762340
2.763548
2.763701
2.764266
2.764286
2.768228
2.771917
2.772537
2.777180
2.781958
2.782641
2.787344
2.790327
2.791427
2.793517
2.796192
2.799353
2.800161
2.801735
2.802721
2.804594
2.807653
2.811799
2.813738
2.818273
2.821831
2.822020
2.823253
2.823533
2.825719
2.827730
2.835811
2.836244
2.837687
2.839898
2.846495
2.847881
2.849201
2.849696
2.851180
2.861266
2.861314
2.866852
2.867090
2.867113
2.871264
2.877427
2.881188
2.884412
2.886173
2.887254
2.887838
2.888369
2.890340
2.891370
2.891724
2.892032
2.892426
2.893456
2.893851
2.897108
2.898858
2.899060
2.899471
2.902995
2.906846
2.911225
2.911875
2.913300
2.917042
2.919125
2.920917
2.921495
2.922136
2.924087
2.928282
2.928921
2.934107
2.936466
2.936647
2.940882
2.942532
2.943339
2.944847
2.944988
2.945173
2.946024
2.947317
2.947672
2.953859
2.955859
2.958405
2.958927
2.963978
2.965745
2.966234
2.966875
2.968732
2.969136
2.972032
2.976469
2.978150
2.978582
2.978960
2.981088
2.982149
2.982766
2.984253
2.985140
2.985987
2.991609
2.999173
3.007936
3.009510
3.010745
3.010937
3.011672
3.012088
3.012359
3.012448
3.014947
3.015520
3.015627
3.016601
3.016987
3.018160
3.019445
3.020238
3.027306
3.031509
3.032377
3.034660
3.035783
3.035929
3.040229
3.041391
3.045968
3.046967
3.049677
3.052945
3.054265
3.055488
3.058758
3.060684
3.062877
3.062950
3.063273
3.064547
3.064950
3.068967
3.070547
3.072851
3.073413
3.073754
3.077906
3.078938
3.079191
3.085333
3.086225
3.089167
3.089871
3.098685
3.099349
3.099494
3.100185
3.102563
3.104850
3.107397
3.108269
3.111216
3.111509
3.114179
3.114313
3.114700
3.118075
3.120050
3.126176
3.127837
3.128395
3.133433
3.133520
3.134353
3.138749
3.142001
3.143730
3.143740
3.146101
3.148572
3.149856
3.151284
3.152566
3.154514
3.156357
3.158986
3.164597
3.167345
3.168985
3.169196
3.170968
3.171500
3.177079
3.178506
3.179338
3.183285
3.185189
3.185249
3.185363
3.186710
3.188315
3.190104
3.193292
3.195569
3.201126
3.201436
3.204880
3.212212
3.215287
3.218027
3.218284
3.219631
3.220178
3.221834
3.222526
3.226389
3.226901
3.227171
3.230769
3.232358
3.234595
3.235977
3.237929
3.240106
3.240626
3.241669
3.242622
3.246107
3.250832
3.251105
3.252200
3.254285
3.256028
3.259051
3.262936
3.265300
3.265670
3.267983
3.268343
3.268829
3.268858
3.270155
3.274054
3.274440
3.275263
3.276766
3.283595
3.284593
3.287400
3.287840
3.290223
3.290231
3.292929
3.293176
3.293487
3.295593
3.299731
3.299764
3.304248
3.314027
3.316759
3.317826
3.318261
3.318798
3.318908
3.320510
3.321884
3.323482
3.331305
3.333693
3.333737
3.335116
3.335928
3.338082
3.339658
3.341534
3.342171
3.343014
3.344966
3.346170
3.346961
3.347284
3.348917
3.350113
3.351292
3.352372
3.352748
3.356389
3.357894
3.359377
3.359915
3.363390
3.364327
3.364415
3.365560
3.366710
3.366955
3.368342
3.368348
3.370494
3.371049
3.372160
3.372460
3.374197
3.374439
3.374518
3.375973
3.376114
3.376435
3.381218
3.381553
3.383760
3.387022
3.387095
3.387930
3.390022
3.390173
3.399479
3.402158
3.402332
3.405629
3.406509
3.407071
3.410790
3.411763
3.412521
3.416417
3.416948
3.417438
3.418362
3.419997
3.420836
3.421142
3.423326
3.424084
3.426200
3.429119
3.432438
3.432666
3.439222
3.442744
3.446131
3.448500
3.449958
3.452055
3.452624
3.452910
3.454628
3.455777
3.458178
3.458192
3.461525
3.462664
3.464902
3.466069
3.466779
3.468818
3.470218
3.470450
3.470819
3.472119
3.472299
3.473594
3.476670
3.477919
3.480060
3.480914
3.481892
3.482656
3.482946
3.485598
3.485814
3.485994
3.487005
3.487443
3.489363
3.489931
3.496965
3.497828
3.503150
3.508758
3.510148
3.511692
3.515650
3.515851
3.515896
3.519379
3.520780
3.522644
3.524416
3.527166
3.528718
3.530173
3.531836
3.535844
3.539416
3.540646
3.541879
3.542709
3.543515
3.543730
3.545914
3.547410
3.547531
3.547747
3.551921
3.556645
3.558490
3.560054
3.561413
3.562436
3.565325
3.568130
3.568514
3.570476
3.570538
3.571885
3.572446
3.572641
3.572692
3.574150
3.574567
3.576761
3.579006
3.579119
3.579276
3.579849
3.581556
3.584721
3.585428
3.585833
3.590655
3.591615
3.591704
3.592192
3.601485
3.603140
3.606976
3.607526
3.607876
3.608683
3.609757
3.611872
3.613657
3.616543
3.617346
3.624753
3.627289
3.631619
3.632080
3.632776
3.633689
3.634631
3.637211
3.640587
3.647089
3.649606
3.651810
3.654249
3.655189
3.655473
3.661707
3.663584
3.665632
3.666595
3.668682
3.668810
3.670172
3.670630
3.671356
3.672014
3.672630
3.673153
3.673948
3.676722
3.677390
3.677835
3.679170
3.680506
3.684293
3.684678
3.686759
3.687819
3.692100
3.694544
3.699848
3.700508
3.701316
3.701484
3.705127
3.709968
3.711782
3.713934
3.714370
3.714449
3.716044
3.723450
3.725980
3.727112
3.728548
3.731173
3.731614
3.731882
3.733881
3.734830
3.738731
3.738940
3.741466
3.742139
3.742865
3.743059
3.747539
3.749963
3.751839
3.752378
3.752407
3.753319
3.757642
3.758139
3.758240
3.758804
3.760598
3.761010
3.761336
3.761764
3.763706
3.763754
3.771720
3.772153
3.772720
3.773336
3.778601
3.782253
3.785631
3.786042
3.789830
3.790656
3.792873
3.792886
3.794234
3.801479
3.805726
3.806610
3.809237
3.810101
3.814392
3.815551
3.816491
3.817393
3.823877
3.824083
3.826220
3.826747
3.829038
3.829199
3.837100
3.840749
3.840992
3.846345
3.846850
3.853496
3.856751
3.860289
3.862835
3.866916
3.867315
3.868794
3.868886
3.869225
3.869837
3.871527
3.871807
3.873112
3.875742
3.879362
3.881477
3.881503
3.882078
3.884394
3.889612
3.890713
3.893852
3.895024
3.895335
3.895441
3.898308
3.900812
3.906812
3.910584
3.912791
3.914102
3.915903
3.918289
3.919764
3.921861
3.922006
3.923535
3.928546
3.929606
3.931844
3.932460
3.934025
3.934863
3.936466
3.936844
3.939395
3.940533
3.943084
3.944264
3.944897
3.945756
3.949331
3.949371
3.955281
3.958021
3.961549
3.962066
3.963100
3.968477
3.971590
3.971767
3.975597
3.975606
3.977284
3.981291
3.982194
3.990154
3.992671
3.993046
3.994808
3.995634
3.998130
3.999693
4.001401
4.003285
4.003500
4.004554
4.004851
4.009262
4.010245
4.012673
4.013791
4.014159
4.016521
4.016660
4.017854
4.018130
4.018351
4.022974
4.022993
4.023633
4.026018
4.027903
4.028871
4.034035
4.034428
4.039815
4.040017
4.040504
4.041059
4.041364
4.041978
4.043587
4.043686
4.047286
4.049004
4.052588
4.053947
4.056015
4.058102
4.061178
4.061486
4.061598
4.064189
4.065200
4.068149
4.071224
4.072537
4.076233
4.076911
4.078565
4.080183
4.083611
4.083856
4.084453
4.086104
4.086948
4.090877
4.091424
4.091518
4.092229
4.093534
4.096785
4.101269
4.103030
4.109029
4.109066
4.114540
4.117823
4.118319
4.118943
4.119908
4.121826
4.122316
4.126533
4.130331
4.130475
4.136958
4.137868
4.143186
4.145547
4.145562
4.147582
4.151508
4.154761
4.155172
4.155315
4.156199
4.158583
4.161747
4.163365
4.164378
4.165068
4.166716
4.170359
4.170784
4.171473
4.172496
4.173579
4.173939
4.174519
4.175233
4.175631
4.177241
4.178541
4.178902
4.180699
4.180785
4.182508
4.183035
4.183668
4.189160
4.189757
4.192636
4.194307
4.195352
4.201314
4.204127
4.208024
4.210505
4.210942
4.211582
4.220505
4.227764
4.228513
4.230255
4.230278
4.230772
4.238844
4.240531
4.240635
4.243106
4.247110
4.247934
4.248080
4.249340
4.249509
4.249633
4.253359
4.253983
4.254239
4.258460
4.259302
4.262045
4.263001
4.271459
4.273132
4.277887
4.281570
4.283192
4.286131
4.287434
4.287594
4.292000
4.292254
4.297757
4.298475
4.299775
4.300109
4.300829
4.305673
4.307774
4.309790
4.311648
4.321785
4.326338
4.328238
4.329974
4.331563
4.332037
4.335435
4.337278
4.337634
4.341633
4.343797
4.348684
4.348732
4.348946
4.356398
4.357543
4.357956
4.359904
4.360036
4.361149
4.361165
4.363243
4.363787
4.368578
4.369623
4.370664
4.374301
4.375085
4.378117
4.378298
4.379876
4.382346
4.382558
4.382748
4.382795
4.384999
4.387293
4.388681
4.391486
4.394074
4.394890
4.395471
4.399435
4.402325
4.405613
4.407298
4.409132
4.411381
4.413100
4.417189
4.417341
4.417578
4.418497
4.419170
4.419836
4.424253
4.425128
4.428690
4.430299
4.430805
4.431494
4.434749
4.438318
4.438563
4.438785
4.440082
4.440130
4.451295
4.455084
4.455396
4.455977
4.456840
4.462561
4.465042
4.465809
4.466364
4.467276
4.471340
4.474020
4.475662
4.482811
4.489719
4.490125
4.493294
4.494722
4.495015
4.495186
4.495228
4.497116
4.502637
4.503387
4.503775
4.504516
4.506405
4.512118
4.514264
4.516803
4.520498
4.521000
4.521165
4.523220
4.524620
4.525875
4.528782
4.529883
4.535446
4.535685
4.535765
4.539369
4.543943
4.548160
4.549736
4.556275
4.557351
4.561899
4.562266
4.562490
4.565477
4.567772
4.567934
4.568781
4.569214
4.570084
4.579516
4.583314
4.584402
4.584874
4.594180
4.598235
4.603467
4.605343
4.606557
4.607820
4.610396
4.610406
4.610831
4.614623
4.614785
4.615298
4.617357
4.617784
4.620268
4.621549
4.622296
4.622413
4.623377
4.625253
4.628375
4.628401
4.628452
4.628950
4.631421
4.632790
4.632910
4.633037
4.633193
4.635328
4.637209
4.638121
4.638466
4.638780
4.639516
4.640715
4.641132
4.644956
4.646032
4.646981
4.647119
4.649908
4.654566
4.655473
4.657385
4.657705
4.657918
4.658305
4.658879
4.669134
4.669594
4.670817
4.672830
4.673297
4.676096
4.678548
4.680334
4.680834
4.683388
4.684430
4.687397
4.690742
4.693877
4.696271
4.697566
4.699105
4.700920
4.703502
4.704221
4.704410
4.707017
4.707582
4.709479
4.709727
4.711581
4.718866
4.720130
4.720275
4.722376
4.723290
4.724005
4.725409
4.726057
4.738118
4.738310
4.746593
4.753137
4.757320
4.758158
4.763437
4.765083
4.767127
4.770581
4.773825
4.787496
4.791726
4.793103
4.796176
4.797061
4.797555
4.797765
4.799331
4.800139
4.801055
4.801655
4.801887
4.803824
4.804561
4.805605
4.806356
4.812183
4.816670
4.818126
4.819994
4.823217
4.825058
4.825560
4.826429
4.830626
4.830638
4.833105
4.837445
4.837453
4.845415
4.854715
4.856779
4.857590
4.861874
4.864120
4.864658
4.873800
4.875376
4.877741
4.881995
4.887386
4.888824
4.891824
4.895744
4.898781
4.899436
4.905571
4.912967
4.914281
4.916190
4.917452
4.922313
4.923363
4.923780
4.925748
4.928206
4.929593
4.930926
4.930986
4.934735
4.937962
4.938092
4.938347
4.938841
4.939902
4.940487
4.944687
4.945238
4.945640
4.945661
4.947844
4.950498
4.951293
4.951511
4.953331
4.959570
4.964011
4.967181
4.968934
4.969811
4.969972
4.970153
4.970252
4.971030
4.971713
4.972111
4.972312
4.975213
4.981046
4.981754
4.982269
4.982281
4.984717
4.985701
4.987787
4.990494
4.991432
4.991900
4.993966
4.994222
4.999823
5.000025
5.000907
5.001354
5.001722
5.009727
5.009781
5.013972
5.014935
5.015356
5.015961
5.020227
5.023068
5.023501
5.024046
5.024743
5.025741
5.026242
5.026402
5.027220
5.028000
5.033678
5.034504
5.036948
5.037051
5.037453
5.038045
5.039779
5.040573
5.043577
5.046349
5.046841
5.053353
5.059218
5.059365
5.059945
5.060902
5.061046
5.062600
5.064406
5.071934
5.076097
5.076482
5.077043
5.078508
5.079982
5.080441
5.082756
5.083238
5.088134
5.088430
5.088844
5.090589
5.092331
5.095581
5.095941
5.098089
5.098885
5.101970
5.102091
5.102911
5.103337
5.103505
5.103535
5.108939
5.109222
5.111159
5.111176
5.114361
5.119368
5.123644
5.125994
5.128697
5.131627
5.138498
5.138901
5.140114
5.147935
5.148452
5.152024
5.153318
5.153928
5.154757
5.154953
5.156216
5.167610
5.167935
5.169427
5.172557
5.173569
5.173681
5.174013
5.174483
5.174623
5.176810
5.178746
5.180904
5.182078
5.182254
5.183393
5.185208
5.188458
5.190690
5.193704
5.195677
5.196553
5.197866
5.200322
5.201496
5.205115
5.205622
5.206977
5.208861
5.209508
5.209973
5.210101
5.210525
5.211467
5.212809
5.215866
5.218671
5.218761
5.219393
5.222739
5.224025
5.226135
5.233174
5.239556
5.241705
5.242055
5.249504
5.250979
5.254668
5.255254
5.258012
5.261942
5.262787
5.265015
5.266906
5.272589
5.274468
5.275260
5.275922
5.276963
5.286438
5.288890
5.291025
5.291367
5.291410
5.294710
5.295607
5.295656
5.296157
5.297184
5.298481
5.298870
5.302076
5.302505
5.306262
5.308519
5.311361
5.314641
5.315213
5.316657
5.317074
5.322030
5.324976
5.327245
5.327823
5.331440
5.333516
5.339069
5.339631
5.347493
5.349308
5.349786
5.354679
5.354778
5.358100
5.361296
5.362428
5.365279
5.366949
5.367929
5.380971
5.381954
5.384267
5.386229
5.390923
5.394243
5.394752
5.397760
5.400864
5.402562
5.402629
5.407763
5.407997
5.408039
5.414081
5.420081
5.420257
5.420608
5.421882
5.422409
5.425051
5.425190
5.425726
5.428165
5.431565
5.432676
5.434642
5.437693
5.437930
5.438308
5.439096
5.440131
5.442034
5.444314
5.444527
5.447351
5.447358
5.449841
5.454256
5.458577
5.459509
5.460541
5.461570
5.461662
5.468394
5.469880
5.472353
5.477438
5.479048
5.481499
5.482026
5.484140
5.490401
5.490841
5.496703
5.499186
5.499545
5.500699
5.500939
5.501818
5.502602
5.503459
5.508601
5.509061
5.509610
5.510743
5.512179
5.514464
5.515340
5.517148
5.519906
5.519970
5.522470
5.523028
5.523637
5.523766
5.528742
5.530998
5.536437
5.538602
5.539135
5.541396
5.541833
5.542240
5.543100
5.546742
5.549929
5.553435
5.556404
5.556469
5.556507
5.557913
5.561209
5.563344
5.568684
5.568780
5.570314
5.571624
5.572203
5.573422
5.577472
5.581059
5.581244
5.586730
5.586811
5.588297
5.590240
5.590880
5.591358
5.593791
5.594471
5.595809
5.596143
5.597633
5.599976
5.604136
5.607866
5.611678
5.615942
5.615959
5.617532
5.624800
5.625713
5.625993
5.626877
5.628425
5.628934
5.630571
5.632963
5.633223
5.633863
5.634173
5.637913
5.638164
5.641523
5.643675
5.646608
5.648636
5.649787
5.652558
5.653004
5.653346
5.654740
5.657552
5.658243
5.658755
5.658769
5.661202
5.664559
5.665880
5.668121
5.671451
5.675735
5.678695
5.678869
5.680313
5.680868
5.682197
5.682517
5.683196
5.684301
5.685631
5.685839
5.687884
5.688371
5.689444
5.690950
5.691141
5.691720
5.692522
5.693388
5.695709
5.696328
5.699572
5.703906
5.704805
5.707461
5.707670
5.712999
5.713942
5.713988
5.714321
5.715631
5.715638
5.715817
5.718746
5.726999
5.728724
5.731205
5.733989
5.735646
5.735743
5.736823
5.738364
5.739660
5.741222
5.747528
5.747649
5.747960
5.748513
5.760107
5.760640
5.760966
5.762337
5.762919
5.765096
5.768164
5.771612
5.779066
5.781703
5.784193
5.787125
5.789712
5.791300
5.793556
5.797252
5.797760
5.799726
5.800551
5.803380
5.805515
5.810295
5.811428
5.812547
5.819155
5.825091
5.827219
5.828192
5.828519
5.833474
5.834347
5.837050
5.840499
5.842276
5.844478
5.852464
5.853524
5.854226
5.856208
5.860801
5.863091
5.863122
5.864382
5.864800
5.866798
5.867615
5.870037
5.870053
5.872292
5.873502
5.876021
5.878901
5.879605
5.881133
5.881348
5.884182
5.885713
5.887564
5.888966
5.890620
5.894580
5.895575
5.895969
5.896045
5.896841
5.899197
5.904236
5.909219
5.909810
5.913044
5.914993
5.915037
5.916375
5.916398
5.920865
5.921976
5.923042
5.924528
5.925986
5.926520
5.932268
5.934577
5.937531
5.937733
5.940270
5.943440
5.949991
5.950129
5.952525
5.953127
5.957191
5.961540
5.964136
5.965597
5.967295
5.970207
5.971235
5.976964
5.979652
5.981349
5.981944
5.983350
5.983673
5.984688
5.989818
5.991845
5.999732
6.007220
6.007745
6.008035
6.010052
6.016403
6.018302
6.019242
6.020019
6.021146
6.024233
6.024656
6.025255
6.025791
6.027045
6.031918
6.032343
6.033145
6.033878
6.038806
6.039552
6.041336
6.042489
6.046473
6.047749
6.051607
6.052462
6.054487
6.056469
6.058209
6.063336
6.067646
6.068681
6.068766
6.071276
6.083389
6.085326
6.090824
6.093780
6.095786
6.095886
6.096045
6.097505
6.100568
6.100707
6.100943
6.101018
6.101198
6.105038
6.105527
6.105860
6.106381
6.107000
6.111308
6.111713
6.114573
6.116673
6.122456
6.123727
6.125752
6.127776
6.133547
6.134753
6.134783
6.135153
6.135411
6.141408
6.153337
6.155642
6.157721
6.159497
6.161462
6.163280
6.168099
6.170592
6.170806
6.171277
6.172706
6.173229
6.174426
6.175967
6.183149
6.184395
6.185265
6.185279
6.187616
6.187821
6.189320
6.190928
6.193419
6.194673
6.196777
6.198186
6.198738
6.199958
6.200763
6.201281
6.201435
6.201895
6.201935
6.201988
6.204151
6.208828
6.209629
6.210968
6.211362
6.212647
6.212834
6.214413
6.218722
6.219783
6.219835
6.222541
6.222995
6.225027
6.225823
6.226839
6.228697
6.228968
6.231668
6.232133
6.232287
6.234202
6.235169
6.235533
6.237076
6.241158
6.246836
6.247191
6.248289
6.254267
6.255703
6.258904
6.260245
6.263436
6.265624
6.268364
6.269964
6.270007
6.270789
6.271978
6.274030
6.274223
6.275300
6.278613
6.279379
6.280917
6.284808
6.285751
6.288608
6.291344
6.291350
6.299465
6.300253
6.301381
6.301758
6.302690
6.305812
6.310709
6.311461
6.313703
6.315622
6.318476
6.318769
6.323455
6.324534
6.325846
6.326007
6.327795
6.328776
6.331002
6.334102
6.335456
6.338467
6.341405
6.343231
6.343280
6.344462
6.344703
6.346670
6.348788
6.354379
6.356787
6.364157
6.364633
6.369821
6.370887
6.372064
6.373770
6.374465
6.374668
6.375121
6.380303
6.383712
6.384207
6.385942
6.388153
6.390144
6.391675
6.398069
6.398094
6.400684
6.402240
6.403414
6.404621
6.404962
6.406298
6.407450
6.408043
6.412433
6.417105
6.417168
6.417578
6.420584
6.420964
6.422168
6.426146
6.429116
6.429719
6.432115
6.438254
6.439477
6.441179
6.445033
6.447293
6.447329
6.453690
6.455006
6.456270
6.457281
6.458891
6.459487
6.459735
6.463828
6.465370
6.467917
6.469686
6.472065
6.476123
6.476708
6.478552
6.482709
6.483011
6.489371
6.490260
6.492409
6.493976
6.494210
6.495343
6.500634
6.504032
6.511060
6.513420
6.514035
6.514919
6.524119
6.529916
6.537490
6.540307
6.540771
6.541258
6.543575
6.547223
6.553893
6.555251
6.557977
6.559879
6.565923
6.567871
6.567939
6.569075
6.571879
6.575039
6.576633
6.576861
6.576866
6.578836
6.579130
6.582973
6.583641
6.587461
6.589397
6.590064
6.590573
6.592355
6.593765
6.595716
6.599302
6.602101
6.602699
6.602968
6.603041
6.604619
6.606162
6.606884
6.610421
6.612065
6.613716
6.614763
6.618125
6.619491
6.622670
6.622818
6.623159
6.627258
6.627956
6.630447
6.630823
6.632396
6.635235
6.635513
6.638083
6.639131
6.640119
6.645429
6.646050
6.647361
6.647895
6.649211
6.658173
6.661756
6.663199
6.672678
6.676852
6.680853
6.683649
6.689245
6.693482
6.694928
6.695363
6.695535
6.695687
6.699902
6.702962
6.705001
6.706022
6.707261
6.709369
6.712977
6.717913
6.719665
6.721911
6.725586
6.728857
6.729107
6.736674
6.738782
6.742802
6.743972
6.744947
6.747073
6.747122
6.748007
6.749986
6.750441
6.754797
6.757659
6.760328
6.760461
6.764975
6.765426
6.765576
6.766460
6.767194
6.768789
6.771310
6.778672
6.778780
6.780155
6.780817
6.781673
6.787862
6.792372
6.796639
6.799607
6.802969
6.804507
6.804842
6.806770
6.806852
6.806968
6.807182
6.808817
6.809618
6.809705
6.810338
6.810903
6.814863
6.820508
6.820711
6.820762
6.831168
6.832341
6.832994
6.833269
6.833684
6.837039
6.839697
6.842943
6.845465
6.845978
6.846922
6.847664
6.850249
6.852404
6.860377
6.860991
6.861172
6.862187
6.863201
6.867019
6.867207
6.869156
6.873665
6.881101
6.881183
6.884494
6.886963
6.887949
6.888197
6.889682
6.890090
6.890579
6.892299
6.895449
6.895543
6.897867
6.901199
6.901391
6.902948
6.908320
6.908675
6.911623
6.921526
6.923601
6.924356
6.924676
6.929002
6.929804
6.930236
6.932469
6.933528
6.935216
6.937617
6.937647
6.938721
6.938745
6.939440
6.942794
6.943740
6.944056
6.946358
6.950055
6.953015
6.956976
6.957725
6.958129
6.958523
6.958746
6.964005
6.967689
6.967864
6.969121
6.969613
6.973123
6.977675
6.977964
6.978318
6.978386
6.983154
6.984730
6.984784
6.986698
6.987847
6.988451
6.988499
6.989493
6.990034
6.991186
6.993402
6.993922
7.000054
7.000615
7.000826
7.001284
7.003363
7.004224
7.007042
7.009624
7.012048
7.013176
7.020438
7.020631
7.021048
7.025516
7.026063
7.026775
7.029018
7.030390
7.030601
7.031804
7.031876
7.033078
7.037690
7.039899
7.044843
7.052209
7.053044
7.055503
7.056293
7.057663
7.059341
7.060404
7.061404
7.063233
7.069922
7.070922
7.071238
7.074205
7.074523
7.074889
7.076315
7.077531
7.078041
7.081155
7.085774
7.085799
7.086634
7.088675
7.088784
7.088995
7.092288
7.092372
7.092452
7.096187
7.100245
7.104063
7.104496
7.104789
7.108136
7.109061
7.110476
7.112053
7.121564
7.122480
7.123178
7.124306
7.129422
7.130390
7.130882
7.132394
7.140224
7.140242
7.140429
7.140982
7.143195
7.144389
7.145089
7.145512
7.147037
7.147144
7.148509
7.149032
7.149739
7.155501
7.156479
7.159571
7.163213
7.165828
7.166791
7.167662
7.170014
7.171822
7.171830
7.173424
7.175230
7.179540
7.181336
7.182023
7.182695
7.187556
7.191923
7.196752
7.197204
7.197722
7.198194
7.198768
7.198952
7.207613
7.207885
7.209589
7.215733
7.216913
7.222154
7.222232
7.224661
7.226341
7.228071
7.228880
7.231185
7.235462
7.239268
7.239529
7.239669
7.240103
7.245681
7.246922
7.247559
7.250639
7.250938
7.251429
7.257236
7.264645
7.267602
7.269720
7.271367
7.272212
7.272354
7.278913
7.282312
7.283800
7.284577
7.287187
7.287534
7.288177
7.290317
7.290699
7.291102
7.292530
7.295619
7.296899
7.297904
7.302275
7.303494
7.304410
7.304729
7.306259
7.307136
7.309781
7.312204
7.314549
7.314756
7.318530
7.318625
7.323059
7.323106
7.326729
7.327285
7.327389
7.328704
7.331836
7.333188
7.334710
7.336449
7.337542
7.338497
7.338727
7.338730
7.341919
7.342727
7.344481
7.345601
7.350170
7.357829
7.359210
7.361383
7.362002
7.363178
7.363916
7.366363
7.366374
7.369766
7.371261
7.371390
7.371407
7.371455
7.371685
7.371698
7.375242
7.375604
7.376448
7.381251
7.385721
7.387035
7.392398
7.394245
7.395124
7.400659
7.403310
7.406134
7.408446
7.409566
7.413515
7.415260
7.417893
7.418144
7.419378
7.420183
7.423972
7.424397
7.424683
7.428664
7.433535
7.436152
7.437219
7.441824
7.445639
7.448200
7.455373
7.457344
7.464349
7.464392
7.464450
7.464580
7.465008
7.466398
7.467048
7.468637
7.469615
7.472502
7.476703
7.477982
7.478292
7.480157
7.482029
7.483784
7.484113
7.485767
7.489956
7.493464
7.496997
7.497253
7.501328
7.506455
7.506477
7.507555
7.508873
7.510556
7.512315
7.512700
7.516277
7.517675
7.519160
7.527373
7.527435
7.529824
7.531157
7.534456
7.535505
7.537987
7.538326
7.538488
7.540873
7.543434
7.543793
7.544555
7.546312
7.546711
7.548589
7.549693
7.550122
7.551247
7.552245
7.555133
7.559283
7.559377
7.560769
7.562647
7.564249
7.565650
7.566554
7.567752
7.568101
7.568717
7.575105
7.575374
7.575593
7.577803
7.580575
7.581315
7.586192
7.586343
7.587187
7.588205
7.588877
7.592251
7.592916
7.595277
7.595940
7.597944
7.600005
7.600502
7.604641
7.604883
7.608601
7.608922
7.609096
7.609518
7.609852
7.614072
7.614240
7.619958
7.620370
7.620825
7.624565
7.625965
7.627517
7.631734
7.642335
7.644105
7.644575
7.648009
7.654602
7.656418
7.657914
7.661029
7.662023
7.664588
7.665219
7.665557
7.668591
7.669741
7.671577
7.671997
7.672480
7.675052
7.676396
7.678043
7.683300
7.684420
7.687502
7.687625
7.691227
7.691918
7.695913
7.696302
7.696465
7.705588
7.711069
7.714175
7.718175
7.718234
7.719281
7.721652
7.721738
7.728787
7.731132
7.736031
7.736676
7.737655
7.739924
7.741425
7.745356
7.746072
7.747084
7.748693
7.749241
7.749699
7.752328
7.752343
7.755306
7.756080
7.756356
7.757188
7.757644
7.758279
7.759565
7.760763
7.760905
7.763071
7.763650
7.764257
7.765224
7.766273
7.766308
7.766592
7.767784
7.768717
7.769397
7.770539
7.772749
7.774299
7.777866
7.778352
7.778798
7.783106
7.784035
7.790855
7.793520
7.795665
7.799675
7.800895
7.801617
7.802141
7.803008
7.803139
7.805670
7.809185
7.814919
7.818753
7.819652
7.821329
7.823552
7.825201
7.825767
7.827719
7.829225
7.829897
7.830904
7.831112
7.832043
7.834276
7.835071
7.835486
7.836975
7.837143
7.837821
7.845917
7.846549
7.846804
7.847015
7.847619
7.850273
7.853449
7.854866
7.856718
7.858605
7.859343
7.860167
7.860716
7.861934
7.862253
7.863264
7.866427
7.868180
7.870197
7.870523
7.870725
7.876018
7.878990
7.883402
7.886330
7.887299
7.887843
7.888183
7.889868
7.893957
7.899286
7.901363
7.902485
7.903431
7.904947
7.905044
7.905795
7.907073
7.907917
7.908728
7.909154
7.909237
7.909769
7.910016
7.916849
7.917106
7.925535
7.926331
7.927923
7.931620
7.932346
7.932619
7.935001
7.935912
7.936153
7.939053
7.941427
7.943988
7.944234
7.944328
7.945847
7.947231
7.948456
7.950585
7.953359
7.955373
7.955523
7.956058
7.956658
7.961180
7.963230
7.964594
7.970199
7.971259
7.972712
7.973741
7.975245
7.979180
7.981389
7.985715
7.987787
7.990044
7.991818
7.995946
8.000074
8.008524
8.009500
8.012060
8.019254
8.021190
8.024095
8.027964
8.031557
8.033863
8.036442
8.038089
8.038190
8.039561
8.040189
8.042886
8.042917
8.044723
8.046932
8.050518
8.051780
8.052205
8.052651
8.060405
8.063762
8.066526
8.070414
8.071684
8.074646
8.075113
8.075684
8.079758
8.081982
8.082940
8.083560
8.084542
8.084941
8.086268
8.089009
8.091747
8.094466
8.097677
8.099030
8.101040
8.101313
8.101635
8.104007
8.104672
8.105476
8.105673
8.105969
8.106142
8.112488
8.112680
8.112991
8.112998
8.114869
8.118495
8.119799
8.121632
8.122713
8.128571
8.129106
8.132001
8.134028
8.137916
8.146124
8.147399
8.148263
8.148914
8.149177
8.150540
8.152045
8.154185
8.155104
8.155603
8.163016
8.165671
8.166715
8.166848
8.167090
8.170555
8.172188
8.172637
8.172918
8.175800
8.175891
8.176022
8.177606
8.179013
8.182221
8.182421
8.186726
8.187351
8.191816
8.193142
8.194543
8.198718
8.199405
8.202897
8.209296
8.210114
8.210882
8.214717
8.215371
8.221716
8.222150
8.222422
8.223349
8.223778
8.224644
8.227242
8.227870
8.227959
8.230771
8.233290
8.234832
8.235615
8.237546
8.244252
8.244568
8.244612
8.247892
8.250505
8.252745
8.252798
8.253892
8.255202
8.255952
8.258040
8.260851
8.264321
8.264387
8.265166
8.266307
8.266887
8.270847
8.270908
8.271610
8.272469
8.275613
8.279545
8.279636
8.279732
8.284088
8.287536
8.291042
8.292016
8.294840
8.294863
8.296458
8.296606
8.296656
8.297534
8.301081
8.301364
8.301511
8.302138
8.303808
8.306951
8.307386
8.307754
8.308855
8.309258
8.310046
8.310114
8.310502
8.314791
8.326050
8.326536
8.327170
8.327504
8.331280
8.332820
8.333296
8.333309
8.336242
8.340262
8.342202
8.343138
8.345144
8.345550
8.349974
8.350381
8.356184
8.356806
8.357419
8.357473
8.357748
8.359671
8.359910
8.360216
8.365059
8.365106
8.365600
8.369398
8.369418
8.369703
8.379358
8.379909
8.380328
8.380756
8.381324
8.383433
8.391086
8.392496
8.393521
8.393663
8.398361
8.399478
8.401386
8.401559
8.401746
8.409112
8.412537
8.417394
8.422530
8.427569
8.427736
8.429092
8.430984
8.431499
8.432135
8.432370
8.432802
8.432876
8.434384
8.437953
8.438672
8.440568
8.441176
8.442559
8.443606
8.445597
8.450167
8.450379
8.450679
8.450779
8.461919
8.466941
8.469042
8.469980
8.470164
8.472029
8.474771
8.480272
8.482073
8.482173
8.482848
8.487158
8.488726
8.491470
8.492252
8.496360
8.502228
8.502830
8.505203
8.507164
8.508560
8.509686
8.510320
8.513970
8.518024
8.518277
8.518525
8.519336
8.524712
8.527991
8.531895
8.534256
8.536716
8.541419
8.543227
8.544064
8.549166
8.550891
8.553019
8.553719
8.559781
8.561975
8.564439
8.564632
8.565750
8.567156
8.568376
8.569219
8.571896
8.579072
8.579306
8.585031
8.585798
8.586170
8.589157
8.591682
8.595278
8.597111
8.599585
8.601558
8.605713
8.607874
8.608518
8.608641
8.610186
8.610589
8.613578
8.616315
8.617346
8.619761
8.620669
8.621090
8.628118
8.628685
8.633103
8.633777
8.634786
8.637517
8.638500
8.639159
8.646786
8.648765
8.650515
8.652270
8.658023
8.660933
8.661100
8.663536
8.663921
8.667269
8.669042
8.669340
8.669557
8.670298
8.671008
8.675330
8.678119
8.682315
8.685052
8.686982
8.687429
8.690126
8.696755
8.700628
8.701138
8.701955
8.705242
8.706990
8.708554
8.709436
8.709773
8.715558
8.729310
8.734646
8.735184
8.735879
8.738053
8.743200
8.745943
8.746575
8.746838
8.746891
8.748158
8.748741
8.749879
8.750180
8.750915
8.751416
8.752137
8.753944
8.760771
8.763871
8.766939
8.767799
8.769920
8.774391
8.774450
8.776723
8.778228
8.779940
8.780904
8.784561
8.788325
8.792174
8.792323
8.792737
8.797906
8.798243
8.800454
8.801361
8.805454
8.806120
8.807801
8.812152
8.812768
8.813886
8.816134
8.816850
8.822194
8.829624
8.830241
8.830362
8.830953
8.835185
8.835486
8.836977
8.838013
8.842861
8.843307
8.844058
8.845618
8.845682
8.846632
8.848761
8.849781
8.852067
8.852513
8.854004
8.854084
8.855325
8.856794
8.858012
8.861584
8.873261
8.873298
8.876315
8.878417
8.879527
8.881916
8.886255
8.887345
8.889001
8.890722
8.894934
8.897942
8.898309
8.899395
8.899526
8.899697
8.899741
8.900801
8.901065
8.902970
8.903750
8.905193
8.913108
8.914946
8.915166
8.916020
8.917452
8.918003
8.923398
8.924347
8.927329
8.928708
8.931033
8.933927
8.936370
8.936595
8.936673
8.940674
8.941140
8.941710
8.942436
8.944108
8.944652
8.945460
8.947683
8.947983
8.948081
8.948976
8.950390
8.951370
8.957804
8.959844
8.960236
8.962020
8.962746
8.963593
8.963878
8.966271
8.966628
8.967396
8.971416
8.978647
8.978982
8.980489
8.981032
8.981434
8.982947
8.983082
8.985990
8.987930
8.994071
9.001347
9.001437
9.003611
9.005411
9.005809
9.010377
9.014221
9.021655
9.021696
9.022608
9.027747
9.032296
9.032343
9.040223
9.041386
9.042274
9.044162
9.045991
9.049491
9.051267
9.051576
9.052961
9.056795
9.059185
9.065056
9.065717
9.070519
9.070926
9.074269
9.074604
9.074969
9.075154
9.076380
9.076970
9.078126
9.078684
9.079373
9.084119
9.091071
9.091747
9.092079
9.093470
9.095123
9.096866
9.099915
9.100538
9.106307
9.110112
9.113837
9.115018
9.117987
9.119350
9.124118
9.126114
9.126520
9.127464
9.132215
9.133024
9.133192
9.133631
9.134240
9.134888
9.135761
9.135922
9.136787
9.138832
9.140484
9.144429
9.145157
9.145402
9.149731
9.150859
9.152774
9.153221
9.153248
9.154848
9.155451
9.158084
9.160914
9.160978
9.161516
9.164116
9.168389
9.171953
9.172438
9.174518
9.174746
9.174799
9.177404
9.180235
9.183181
9.183287
9.184754
9.190514
9.193596
9.193668
9.195646
9.196308
9.202865
9.209756
9.213920
9.215098
9.217757
9.220770
9.223180
9.226336
9.227581
9.228288
9.228934
9.230907
9.231348
9.233702
9.235976
9.236913
9.240478
9.243466
9.245079
9.246373
9.247336
9.249254
9.250758
9.251066
9.251980
9.252646
9.253122
9.255833
9.256181
9.257555
9.262748
9.264596
9.266894
9.276472
9.280559
9.282619
9.286513
9.286623
9.287868
9.291957
9.296641
9.299440
9.299751
9.299781
9.300870
9.301054
9.305048
9.308309
9.311844
9.312436
9.312782
9.314372
9.315736
9.316438
9.316648
9.318449
9.319008
9.323127
9.324233
9.324514
9.327328
9.328440
9.330225
9.331001
9.345079
9.349047
9.352230
9.354439
9.357613
9.360168
9.360173
9.361781
9.362917
9.363416
9.367177
9.367425
9.368409
9.369038
9.370102
9.371007
9.379325
9.382722
9.385904
9.388185
9.389357
9.390400
9.395783
9.401404
9.401637
9.401739
9.403446
9.403525
9.404742
9.406460
9.406567
9.408862
9.410323
9.411796
9.412209
9.412559
9.414948
9.417532
9.417840
9.423727
9.424502
9.424696
9.426567
9.426607
9.427468
9.428363
9.428789
9.430893
9.434934
9.439280
9.440180
9.442061
9.442423
9.446502
9.454828
9.455917
9.457236
9.457249
9.457338
9.462894
9.464377
9.464822
9.466649
9.467986
9.468115
9.468353
9.468711
9.471048
9.471123
9.471408
9.472381
9.473505
9.475769
9.478058
9.478597
9.480720
9.481378
9.485403
9.489065
9.491093
9.494549
9.494749
9.502051
9.502301
9.505716
9.508140
9.508207
9.514065
9.521899
9.522691
9.523472
9.523586
9.523912
9.526102
9.526276
9.527613
9.527687
9.535977
9.536408
9.543103
9.544209
9.545950
9.551372
9.557617
9.557693
9.561171
9.564461
9.564539
9.564834
9.564971
9.567390
9.569202
9.571015
9.571832
9.573680
9.573961
9.575619
9.578503
9.580100
9.584436
9.589613
9.591506
9.593493
9.594366
9.595287
9.605714
9.617729
9.620159
9.626063
9.626696
9.627466
9.630799
9.631636
9.636114
9.637324
9.638430
9.640369
9.641485
9.646474
9.646719
9.647479
9.650680
9.655175
9.656489
9.658278
9.661394
9.661505
9.662845
9.664247
9.666221
9.667182
9.669086
9.673120
9.674803
9.677137
9.682502
9.683626
9.687135
9.687371
9.690228
9.694373
9.694562
9.695744
9.696285
9.697353
9.697849
9.698118
9.699553
9.703409
9.707410
9.710051
9.713139
9.714791
9.715229
9.717158
9.719851
9.720874
9.721308
9.722209
9.722300
9.728606
9.730255
9.730773
9.731260
9.733917
9.733947
9.734266
9.736954
9.739173
9.740222
9.744645
9.744877
9.747677
9.749636
9.751054
9.751974
9.754428
9.757115
9.769655
9.770870
9.771195
9.774613
9.775207
9.776891
9.777422
9.780343
9.780941
9.783549
9.785023
9.786739
9.788107
9.788446
9.789694
9.790871
9.790990
9.791367
9.795496
9.798320
9.802327
9.803194
9.805734
9.806681
9.809810
9.814419
9.814573
9.817698
9.819608
9.823236
9.823314
9.825390
9.825720
9.826186
9.828077
9.828332
9.829021
9.829404
9.829712
9.830559
9.835649
9.839056
9.840769
9.842335
9.843580
9.844099
9.845546
9.848215
9.848441
9.848673
9.849164
9.857887
9.861635
9.865207
9.867647
9.868988
9.871157
9.872366
9.873337
9.874207
9.879200
9.882999
9.883101
9.884139
9.884554
9.885592
9.886691
9.889420
9.890926
9.892940
9.894288
9.896645
9.899289
9.900412
9.900560
9.900981
9.902421
9.903650
9.904643
9.905597
9.907254
9.910073
9.910890
9.915958
9.920387
9.920458
9.922910
9.925786
9.926249
9.926346
9.929321
9.929744
9.931702
9.935757
9.941557
9.942167
9.942349
9.942369
9.943139
9.946607
9.947811
9.950985
9.953482
9.953495
9.954480
9.959772
9.960058
9.962763
9.962872
9.963486
9.964266
9.965153
9.967948
9.968793
9.968794
9.975723
9.976441
9.980943
9.983384
9.984339
9.984878
9.986360
9.987339
9.987973
9.989249
9.990776
9.991423
9.992392
9.994180
9.994866
9.999415
